-3.38167 -5.77035 -9.23807 1
-1.43647 6.68904 -9.316 1
5.58577 -3.96775 -9.19928 1
-6.80647 -0.848388 -9.08242 1
4.61919 5.42702 -9.30812 1
0.256334 -7.02804 -9.06178 1
-4.99864 5.07225 -9.05398 1
7.32312 -0.374359 -9.19999 1
-5.50773 -4.55088 -8.84742 1
0.995808 7.13826 -8.81024 1
4.1081 -5.9662 -8.74187 1
-7.23625 1.66489 -8.84789 1
6.71852 3.80651 -9.08633 1
-2.3033 -7.10055 -8.67499 1
-3.16245 6.93316 -8.7471 1
7.12247 -3.02159 -8.77282 1
-7.22809 -2.56018 -8.58989 1
3.62678 6.81971 -8.54907 1
1.91337 -7.40486 -8.36436 1
-6.48717 4.21585 -8.36156 1
7.98351 1.33207 -8.64519 1
-4.85861 -6.21073 -8.32461 1
-0.619179 7.94284 -8.31361 1
5.7976 -5.41602 -8.18409 1
-8.09401 0.0788031 -8.25457 1
6.21088 5.5793 -8.41761 1
-0.799397 -8.19254 -8.20574 1
-5.22547 6.95502 -8.57499 1
8.20504 -1.53406 -8.13626 1
-7.04545 -4.38595 -7.99968 1
2.2446 8.03637 -7.9542 1
3.7437 -7.38308 -7.80469 1
-7.95127 2.99195 -7.92227 1
8.20273 3.29293 -8.15285 1
-3.70239 -7.71511 -7.80764 1
-2.50369 8.26267 -7.79211 1
7.46718 -4.42507 -7.74954 1
-8.49174 -1.78027 -7.6634 1
5.08823 7.08981 -7.62555 1
1.04209 -8.70672 -7.58081 1
-6.65574 5.72112 -7.50702 1
9.01532 0.284881 -7.63333 1
-6.35476 -6.20204 -7.43537 1
0.497896 8.89069 -7.37777 1
5.72381 -6.99658 -7.41091 1
-9.04298 1.30643 -7.41213 1
7.68457 5.23635 -7.46476 1
-2.12968 -9.05447 -7.38881 1
-4.41993 7.89051 -7.10941 1
8.90777 -2.93753 -7.2964 1
-8.47197 -3.81464 -7.15245 1
3.65776 8.50627 -7.05396 1
3.05748 -8.76748 -7.00035 1
-8.26365 4.44642 -7.00141 1
9.41107 2.3831 -7.16826 1
-5.16855 -7.86879 -6.87949 1
-1.51992 9.38979 -6.87889 1
7.57897 -5.98848 -6.91319 1
-9.58854 -0.700379 -6.80967 1
6.63206 7.03062 -6.77502 1
-0.143818 -9.83717 -6.82507 1
-6.38473 7.17768 -6.59536 1
9.76202 -1.00069 -6.66758 1
-7.8355 -5.82773 -6.56624 1
1.8318 9.54099 -6.46503 1
5.16882 -8.39411 -6.49193 1
-9.56905 2.72281 -6.48387 1
9.22086 4.61945 -6.65152 1
-3.57859 -9.37122 -6.40234 1
-3.67586 9.28753 -6.30864 1
9.16065 -4.45091 -6.36545 1
-9.72564 -2.89521 -6.27589 1
5.09532 8.50326 -6.06673 1
2.01405 -9.8445 -6.0851 1
-8.16531 5.92034 -6.04353 1
10.4962 1.20432 -6.26408 1
-6.66346 -7.67588 -5.96305 1
-0.272978 10.2075 -5.92692 1
7.26051 -7.51234 -5.99976 1
-10.3649 0.631241 -5.89991 1
8.19152 6.63529 -5.92556 1
-1.57796 -10.5602 -5.9376 1
-5.7893 8.58585 -5.69668 1
10.2796 -2.47088 -5.75346 1
-9.2984 -5.14908 -5.72169 1
3.30025 9.84577 -5.52934 1
4.26598 -9.59851 -5.53216 1
-9.87899 4.30532 -5.61371 1
10.6225 3.64631 -5.78632 1
-5.13499 -9.43336 -5.47266 1
-2.60898 10.5201 -5.46168 1
9.07686 -6.02571 -5.42898 1
-10.7099 -1.67998 -5.3418 1
6.60872 8.28101 -5.16203 1
0.737319 -10.8213 -5.22507 1
-7.83466 7.46316 -5.15354 1
11.3398 -0.220828 -5.34047 1
-8.17237 -7.19835 -5.0693 1
1.15162 10.7182 -4.96013 1
6.62963 -9.00516 -5.0858 1
-10.9015 2.14791 -4.99466 1
9.80061 5.96909 -5.09804 1
-3.20999 -11.0754 -5.06265 1
-5.00189 10.1072 -4.89249 1
10.6497 -4.12651 -4.89601 1
-10.753 -4.19524 -4.88863 1
4.82701 9.81253 -4.57574 1
3.1449 -10.755 -4.63171 1
-9.76468 5.91618 -4.66152 1
11.4405 2.28244 -4.70449 1
-6.81789 -9.30723 -4.59487 1
-1.24703 11.3579 -4.49378 1
8.71057 -7.63658 -4.49855 1
-11.5213 -0.251821 -4.41847 1
8.22248 7.87004 -4.30815 1
-0.753891 -11.4565 -4.28979 1
-7.28889 9.0888 -4.29644 1
11.6357 -1.79681 -4.28497 1
-9.88279 -6.59471 -4.26693 1
2.67048 10.876 -3.96839 1
5.70267 -10.4171 -4.1516 1
-11.4286 3.8926 -4.16335 1
11.083 4.86068 -4.11608 1
-4.84204 -10.9649 -4.02039 1
-3.82172 11.312 -3.94893 1
10.2703 -5.65533 -3.82289 1
-11.8089 -2.86785 -3.9059 1
6.45796 9.62627 -3.67219 1
1.78063 -11.7228 -3.70166 1
-9.41301 7.58813 -3.71902 1
12.1569 0.769073 -3.69116 1
-8.49991 -8.83675 -3.65956 1
0.291348 11.9755 -3.52099 1
8.05985 -9.24045 -3.54861 1
-12.2143 1.37235 -3.50178 1
9.66745 7.04513 -3.35437 1
-2.43609 -12.0516 -3.39281 1
-6.46215 10.727 -3.39981 1
11.8214 -3.48846 -3.29138 1
-11.4707 -5.60752 -3.35302 1
4.31329 10.9734 -3.04434 1
4.48656 -11.6665 -3.17236 1
-11.4279 5.69067 -3.1841 1
12.12 3.4795 -3.08987 1
-6.57742 -10.7381 -3.03078 1
-2.39348 12.3081 -2.96334 1
9.76723 -7.22795 -2.81902 1
-12.822 -1.34484 -2.93534 1
8.0881 9.13577 -2.72551 1
0.21188 -12.4617 -2.73044 1
-8.77562 9.25927 -2.74011 1
12.8354 -0.907205 -2.7088 1
-10.2068 -8.1044 -2.68809 1
1.91733 12.0288 -2.46049 1
7.13352 -10.8049 -2.56042 1
-12.6177 3.16313 -2.5174 1
11.239 6.08192 -2.41912 1
-4.21181 -12.1696 -2.38357 1
-5.21917 12.0592 -2.3769 1
11.4475 -5.12164 -2.21593 1
-12.7443 -4.23683 -2.31685 1
6.01171 10.7916 -2.07947 1
2.99972 -12.6186 -2.1293 1
-10.9997 7.45698 -2.12638 1
13.159 1.93266 -2.07295 1
-8.29764 -10.1915 -1.99389 1
-0.753097 12.8973 -1.90664 1
9.20758 -8.94302 -1.84134 1
-13.3922 0.391667 -1.86678 1
9.83664 8.49618 -1.75757 1
-1.47868 -12.6022 -1.66364 1
-7.86131 10.8996 -1.70689 1
12.9008 -2.67296 -1.61942 1
-11.7555 -7.0042 -1.62606 1
3.624 12.0648 -1.44551 1
5.88033 -12.1781 -1.49667 1
-12.5993 5.02311 -1.4459 1
12.6142 4.77997 -1.38314 1
-5.95291 -11.8087 -1.30225 1
-3.69143 13.0975 -1.28482 1
10.8061 -6.69139 -1.14857 1
-13.7474 -2.6042 -1.20778 1
7.60006 10.1665 -1.04437 1
1.28557 -12.8581 -1.01101 1
-10.047 8.98324 -1.00007 1
13.6492 0.164989 -0.957862 1
-9.8417 -9.23739 -0.892796 1
0.967249 12.8014 -0.797482 1
8.25207 -10.497 -0.775737 1
-13.5601 2.22893 -0.743157 1
11.3056 7.38559 -0.676056 1
-3.23976 -12.6593 -0.601734 1
-6.67261 12.4766 -0.594776 1
12.6131 -4.43397 -0.508418 1
-13.089 -5.58962 -0.484186 1
5.33985 11.7815 -0.388228 1
4.28331 -13.0961 -0.358369 1
-11.6309 6.5534 -0.293774 1
13.831 3.21623 -0.255642 1
-7.56574 -11.0429 -0.187423 1
-1.93614 13.6428 -0.137801 1
10.0036 -8.22564 -0.0777081 1
-13.8477 -0.741188 -0.0277348 1
9.19223 9.37273 0.0262558 1
-0.44062 -12.9201 0.0775679 1
-8.65769 10.1238 0.133216 1
13.6104 -1.66396 0.191983 1
-11.0813 -7.91094 0.245117 1
2.68686 12.6584 0.284756 1
6.89485 -11.7007 0.353227 1
-12.9914 3.97118 0.407727 1
12.3771 5.9016 0.466482 1
-4.91108 -12.1445 0.498157 1
-4.80041 12.856 0.576877 1
11.6233 -5.93032 0.600877 1
-13.4864 -3.73047 0.700515 1
6.93718 11.081 0.706996 1
2.42187 -13.1331 0.775868 1
-10.4944 7.92581 0.816938 1
13.9282 1.32348 0.925421 1
-8.70317 -9.64036 0.911379 1
-0.0988026 13.6566 1.01339 1
8.832 -9.50294 1.01502 1
-13.3812 1.07639 1.10452 1
10.3123 8.02523 1.12794 1
-2.15233 -12.7085 1.16478 1
-7.46389 11.5475 1.29822 1
12.8619 -3.35819 1.30903 1
-11.9008 -6.28967 1.38019 1
4.31904 12.0982 1.36939 1
5.10339 -12.1149 1.45488 1
-11.9538 5.48801 1.50932 1
12.7723 4.10804 1.5943 1
-6.22419 -10.9208 1.54508 1
-3.0078 13.2215 1.7222 1
10.2757 -7.11363 1.63861 1
-12.9933 -1.77888 1.77334 1
8.16416 9.83116 1.78055 1
0.634549 -13.0572 1.87531 1
-8.9667 8.8798 1.86241 1
13.5774 -0.529007 2.06148 1
-9.54241 -8.08067 1.94889 1
1.62638 12.7813 2.06162 1
7.49431 -10.6062 2.13201 1
-12.7222 2.76581 2.19163 1
11.268 6.5664 2.24983 1
-3.72491 -11.9749 2.21592 1
-5.60654 11.9086 2.38092 1
11.7798 -4.82939 2.35646 1
-12.1829 -4.48181 2.45736 1
5.75561 11.1452 2.42751 1
3.32502 -12.2516 2.51049 1
-10.5778 6.69379 2.5286 1
12.7168 2.27975 2.66468 1
-7.33912 -9.62011 2.54723 1
-1.14824 12.7402 2.74755 1
9.09884 -8.29681 2.69761 1
-12.6329 -0.0300929 2.82185 1
9.20902 8.47592 2.84963 1
-1.05844 -12.4046 2.88836 1
-7.40432 9.61029 2.86719 1
12.7241 -2.22014 3.10873 1
-10.3866 -6.64228 3.02108 1
3.08148 11.5721 2.98681 1
5.77585 -11.0582 3.16633 1
-11.2505 4.07806 3.08981 1
11.5272 4.79011 3.27816 1
-4.96496 -10.6741 3.14369 1
-3.76656 11.9085 3.39082 1
10.2716 -5.9204 3.27147 1
-11.9569 -2.65763 3.43472 1
6.98659 9.98826 3.47276 1
1.55133 -11.7554 3.43161 1
-9.1526 7.676 3.51108 1
12.3056 0.538181 3.67632 1
-8.15729 -8.15558 3.49534 1
0.528959 12.0703 3.7163 1
7.66149 -9.13693 3.72248 1
-12.0341 1.59069 3.84547 1
9.829 6.87211 3.85481 1
-2.50973 -11.2803 3.76802 1
-5.7487 9.97855 3.80867 1
11.5174 -3.64397 4.05179 1
-10.8459 -5.04207 4.06797 1
4.41624 10.6249 3.96775 1
3.92027 -10.8181 4.0225 1
-9.8133 5.12826 3.92353 1
11.6755 3.10791 4.33911 1
-6.06746 -9.48585 4.09816 1
-2.04458 11.724 4.38881 1
8.8993 -6.85779 4.19779 1
-11.1995 -0.955994 4.25456 1
7.77639 8.44542 4.40169 1
-0.0292736 -11.2914 4.3849 1
-7.60569 8.34443 4.44044 1
11.8542 -1.0709 4.74031 1
-8.76299 -6.684 4.44445 1
1.95755 10.9063 4.52414 1
6.1308 -9.69003 4.7397 1
-10.5474 2.86349 4.57307 1
10.0307 5.17739 4.78092 1
-3.73857 -10.1597 4.64074 1
-4.28136 10.4457 4.89765 1
10.11 -4.76088 4.9062 1
-10.6157 -3.30107 4.93892 1
5.55098 9.52089 4.95411 1
2.29964 -10.5886 4.92804 1
-8.70756 6.1555 4.90659 1
11.1119 1.41158 5.2139 1
-6.75815 -7.97725 4.92291 1
-0.432845 11.1346 5.3072 1
7.63339 -7.70946 5.22641 1
-10.5271 0.512525 5.1351 1
8.37129 6.95058 5.3614 1
-1.43796 -10.4867 5.27449 1
-6.01343 8.68808 5.32433 1
10.8001 -2.45795 5.64379 1
-9.2825 -5.28937 5.5044 1
3.14943 9.78887 5.35671 1
4.44266 -9.68221 5.61064 1
-9.24448 3.89653 5.34187 1
9.96549 3.5553 5.69575 1
-4.77337 -9.0272 5.55708 1
-2.71629 10.4124 5.91977 1
8.64402 -5.58828 5.7239 1
-9.98802 -1.69068 5.69419 1
6.23689 8.01284 5.76919 1
0.819569 -10.1998 5.8764 1
-7.38798 6.86926 5.85547 1
10.3192 -0.0755692 6.05384 1
-7.35066 -6.63488 5.87105 1
0.955054 10.0415 6.04418 1
6.14624 -8.13957 6.17657 1
-9.70578 1.79195 6.0403 1
8.60542 5.38482 6.27831 1
-2.63928 -9.5337 6.18269 1
-4.56165 8.944 6.34124 1
9.51576 -3.55545 6.48342 1
-9.33809 -3.77457 6.49598 1
4.18963 8.78331 6.34211 1
2.86531 -9.37454 6.45556 1
-8.10615 4.77767 6.26147 1
9.57097 2.03004 6.57887 1
-5.47952 -7.67404 6.40691 1
-1.21771 9.97265 6.89763 1
7.32284 -6.26349 6.68489 1
-9.44656 -0.321323 6.62567 1
6.51866 6.39044 6.46578 1
-0.507111 -9.448 6.77168 1
-5.90515 7.18459 6.72553 1
9.54128 -1.35552 7.04218 1
-7.70898 -5.27922 6.89894 1
2.06976 8.89472 6.8137 1
4.64183 -8.24115 7.13092 1
-8.39738 2.74677 6.73082 1
8.25953 3.74268 6.98061 1
-3.55352 -8.3177 7.03608 1
-3.0866 8.78279 7.31793 1
8.22155 -4.39854 7.40682 1
-8.87525 -2.27051 7.35402 1
4.80776 7.35814 7.13041 1
1.46512 -8.92508 7.41496 1
-6.91712 5.43949 7.29083 1
8.93234 0.673021 7.50069 1
-5.93327 -6.31954 7.33589 1
0.110349 8.9727 7.67527 1
5.9451 -6.65107 7.71217 1
-8.65169 0.866315 7.5978 1
6.87808 5.14146 7.58479 1
-1.63623 -8.6334 7.84528 1
-4.55422 7.3572 7.80929 1
8.35385 -2.35526 7.91898 1
-7.69313 -3.87675 7.94597 1
2.87624 7.58827 7.56747 1
3.17049 -7.9545 8.07346 1
-7.24403 3.49974 7.66934 1
7.92031 2.37781 7.97119 1
-4.18674 -7.02343 7.96999 1
-1.72987 8.35531 8.41058 1
6.74186 -4.86473 8.28777 1
-8.14617 -0.954595 8.26944 1
4.99018 5.77576 7.78395 1
0.238032 -8.16369 8.42479 1
-5.63653 5.8043 8.44282 1
7.93727 -0.464662 8.39373 1
-6.11283 -4.97598 8.41896 1
1.10916 7.54412 8.24106 1
4.48928 -6.62246 8.74998 1
-7.39871 1.76049 8.41754 1
6.62796 3.68989 8.49776 1
-2.4542 -7.3785 8.8171 1
-3.12248 6.98304 8.7804 1
7.06374 -3.05842 8.94536 1
-7.17171 -2.4804 8.92938 1
3.34877 6.18699 8.38297 1
1.82294 -7.27631 9.05254 1
-5.99059 3.95583 8.77534 1
7.13911 1.13729 8.95207 1
-4.45422 -5.60938 8.9868 1
-0.5146 7.2899 9.29128 1
5.21924 -4.9481 9.26697 1
-7.02728 0.119674 9.17965 1
4.99509 4.42039 8.83217 1
-0.741422 -7.05044 9.51851 1
-4.22264 5.7079 9.668 1
6.71994 -1.30825 9.4561 1