790.835 104.115 0 0 0 5
790.835 104.115 0 0 0 4
790.835 104.115 0 0 0 3
790.835 104.115 0 0 0 2
790.835 104.115 0 0 0 1
790.835 104.115 0 0 0 0
790.835 104.115 0 0 0 -1
790.835 104.115 0 0 0 -2
790.835 104.115 0 0 0 -3
790.835 104.115 0 0 0 -4
790.835 104.115 0 0 0 -5
790.835 104.115 0 0 5 5
790.835 104.115 0 0 5 4
790.835 104.115 0 0 5 3
790.835 104.115 0 0 5 2
790.835 104.115 0 0 5 1
790.835 104.115 0 0 5 0
790.835 104.115 0 0 5 -1
790.835 104.115 0 0 5 -2
790.835 104.115 0 0 5 -3
790.835 104.115 0 0 5 -4
790.835 104.115 0 0 5 -5
790.835 104.115 0 0 -5 5
790.835 104.115 0 0 -5 4
790.835 104.115 0 0 -5 3
790.835 104.115 0 0 -5 2
790.835 104.115 0 0 -5 1
790.835 104.115 0 0 -5 0
790.835 104.115 0 0 -5 -1
790.835 104.115 0 0 -5 -2
790.835 104.115 0 0 -5 -3
790.835 104.115 0 0 -5 -4
790.835 104.115 0 0 -5 -5
751.907 266.264 0 0 0 5
751.907 266.264 0 0 0 4
751.907 266.264 0 0 0 3
751.907 266.264 0 0 0 2
751.907 266.264 0 0 0 1
751.907 266.264 0 0 0 0
751.907 266.264 0 0 0 -1
751.907 266.264 0 0 0 -2
751.907 266.264 0 0 0 -3
751.907 266.264 0 0 0 -4
751.907 266.264 0 0 0 -5
751.907 266.264 0 0 5 5
751.907 266.264 0 0 5 4
751.907 266.264 0 0 5 3
751.907 266.264 0 0 5 2
751.907 266.264 0 0 5 1
751.907 266.264 0 0 5 0
751.907 266.264 0 0 5 -1
751.907 266.264 0 0 5 -2
751.907 266.264 0 0 5 -3
751.907 266.264 0 0 5 -4
751.907 266.264 0 0 5 -5
751.907 266.264 0 0 -5 5
751.907 266.264 0 0 -5 4
751.907 266.264 0 0 -5 3
751.907 266.264 0 0 -5 2
751.907 266.264 0 0 -5 1
751.907 266.264 0 0 -5 0
751.907 266.264 0 0 -5 -1
751.907 266.264 0 0 -5 -2
751.907 266.264 0 0 -5 -3
751.907 266.264 0 0 -5 -4
751.907 266.264 0 0 -5 -5
680.117 416.776 0 0 0 5
680.117 416.776 0 0 0 4
680.117 416.776 0 0 0 3
680.117 416.776 0 0 0 2
680.117 416.776 0 0 0 1
680.117 416.776 0 0 0 0
680.117 416.776 0 0 0 -1
680.117 416.776 0 0 0 -2
680.117 416.776 0 0 0 -3
680.117 416.776 0 0 0 -4
680.117 416.776 0 0 0 -5
680.117 416.776 0 0 5 5
680.117 416.776 0 0 5 4
680.117 416.776 0 0 5 3
680.117 416.776 0 0 5 2
680.117 416.776 0 0 5 1
680.117 416.776 0 0 5 0
680.117 416.776 0 0 5 -1
680.117 416.776 0 0 5 -2
680.117 416.776 0 0 5 -3
680.117 416.776 0 0 5 -4
680.117 416.776 0 0 5 -5
680.117 416.776 0 0 -5 5
680.117 416.776 0 0 -5 4
680.117 416.776 0 0 -5 3
680.117 416.776 0 0 -5 2
680.117 416.776 0 0 -5 1
680.117 416.776 0 0 -5 0
680.117 416.776 0 0 -5 -1
680.117 416.776 0 0 -5 -2
680.117 416.776 0 0 -5 -3
680.117 416.776 0 0 -5 -4
680.117 416.776 0 0 -5 -5
578.602 549.073 0 0 0 5
578.602 549.073 0 0 0 4
578.602 549.073 0 0 0 3
578.602 549.073 0 0 0 2
578.602 549.073 0 0 0 1
578.602 549.073 0 0 0 0
578.602 549.073 0 0 0 -1
578.602 549.073 0 0 0 -2
578.602 549.073 0 0 0 -3
578.602 549.073 0 0 0 -4
578.602 549.073 0 0 0 -5
578.602 549.073 0 0 5 5
578.602 549.073 0 0 5 4
578.602 549.073 0 0 5 3
578.602 549.073 0 0 5 2
578.602 549.073 0 0 5 1
578.602 549.073 0 0 5 0
578.602 549.073 0 0 5 -1
578.602 549.073 0 0 5 -2
578.602 549.073 0 0 5 -3
578.602 549.073 0 0 5 -4
578.602 549.073 0 0 5 -5
578.602 549.073 0 0 -5 5
578.602 549.073 0 0 -5 4
578.602 549.073 0 0 -5 3
578.602 549.073 0 0 -5 2
578.602 549.073 0 0 -5 1
578.602 549.073 0 0 -5 0
578.602 549.073 0 0 -5 -1
578.602 549.073 0 0 -5 -2
578.602 549.073 0 0 -5 -3
578.602 549.073 0 0 -5 -4
578.602 549.073 0 0 -5 -5
451.799 657.372 0 0 0 5
451.799 657.372 0 0 0 4
451.799 657.372 0 0 0 3
451.799 657.372 0 0 0 2
451.799 657.372 0 0 0 1
451.799 657.372 0 0 0 0
451.799 657.372 0 0 0 -1
451.799 657.372 0 0 0 -2
451.799 657.372 0 0 0 -3
451.799 657.372 0 0 0 -4
451.799 657.372 0 0 0 -5
451.799 657.372 0 0 5 5
451.799 657.372 0 0 5 4
451.799 657.372 0 0 5 3
451.799 657.372 0 0 5 2
451.799 657.372 0 0 5 1
451.799 657.372 0 0 5 0
451.799 657.372 0 0 5 -1
451.799 657.372 0 0 5 -2
451.799 657.372 0 0 5 -3
451.799 657.372 0 0 5 -4
451.799 657.372 0 0 5 -5
451.799 657.372 0 0 -5 5
451.799 657.372 0 0 -5 4
451.799 657.372 0 0 -5 3
451.799 657.372 0 0 -5 2
451.799 657.372 0 0 -5 1
451.799 657.372 0 0 -5 0
451.799 657.372 0 0 -5 -1
451.799 657.372 0 0 -5 -2
451.799 657.372 0 0 -5 -3
451.799 657.372 0 0 -5 -4
451.799 657.372 0 0 -5 -5
305.251 736.941 0 0 0 5
305.251 736.941 0 0 0 4
305.251 736.941 0 0 0 3
305.251 736.941 0 0 0 2
305.251 736.941 0 0 0 1
305.251 736.941 0 0 0 0
305.251 736.941 0 0 0 -1
305.251 736.941 0 0 0 -2
305.251 736.941 0 0 0 -3
305.251 736.941 0 0 0 -4
305.251 736.941 0 0 0 -5
305.251 736.941 0 0 5 5
305.251 736.941 0 0 5 4
305.251 736.941 0 0 5 3
305.251 736.941 0 0 5 2
305.251 736.941 0 0 5 1
305.251 736.941 0 0 5 0
305.251 736.941 0 0 5 -1
305.251 736.941 0 0 5 -2
305.251 736.941 0 0 5 -3
305.251 736.941 0 0 5 -4
305.251 736.941 0 0 5 -5
305.251 736.941 0 0 -5 5
305.251 736.941 0 0 -5 4
305.251 736.941 0 0 -5 3
305.251 736.941 0 0 -5 2
305.251 736.941 0 0 -5 1
305.251 736.941 0 0 -5 0
305.251 736.941 0 0 -5 -1
305.251 736.941 0 0 -5 -2
305.251 736.941 0 0 -5 -3
305.251 736.941 0 0 -5 -4
305.251 736.941 0 0 -5 -5
145.362 784.303 0 0 0 5
145.362 784.303 0 0 0 4
145.362 784.303 0 0 0 3
145.362 784.303 0 0 0 2
145.362 784.303 0 0 0 1
145.362 784.303 0 0 0 0
145.362 784.303 0 0 0 -1
145.362 784.303 0 0 0 -2
145.362 784.303 0 0 0 -3
145.362 784.303 0 0 0 -4
145.362 784.303 0 0 0 -5
145.362 784.303 0 0 5 5
145.362 784.303 0 0 5 4
145.362 784.303 0 0 5 3
145.362 784.303 0 0 5 2
145.362 784.303 0 0 5 1
145.362 784.303 0 0 5 0
145.362 784.303 0 0 5 -1
145.362 784.303 0 0 5 -2
145.362 784.303 0 0 5 -3
145.362 784.303 0 0 5 -4
145.362 784.303 0 0 5 -5
145.362 784.303 0 0 -5 5
145.362 784.303 0 0 -5 4
145.362 784.303 0 0 -5 3
145.362 784.303 0 0 -5 2
145.362 784.303 0 0 -5 1
145.362 784.303 0 0 -5 0
145.362 784.303 0 0 -5 -1
145.362 784.303 0 0 -5 -2
145.362 784.303 0 0 -5 -3
145.362 784.303 0 0 -5 -4
145.362 784.303 0 0 -5 -5
-20.8803 797.386 0 0 0 5
-20.8803 797.386 0 0 0 4
-20.8803 797.386 0 0 0 3
-20.8803 797.386 0 0 0 2
-20.8803 797.386 0 0 0 1
-20.8803 797.386 0 0 0 0
-20.8803 797.386 0 0 0 -1
-20.8803 797.386 0 0 0 -2
-20.8803 797.386 0 0 0 -3
-20.8803 797.386 0 0 0 -4
-20.8803 797.386 0 0 0 -5
-20.8803 797.386 0 0 5 5
-20.8803 797.386 0 0 5 4
-20.8803 797.386 0 0 5 3
-20.8803 797.386 0 0 5 2
-20.8803 797.386 0 0 5 1
-20.8803 797.386 0 0 5 0
-20.8803 797.386 0 0 5 -1
-20.8803 797.386 0 0 5 -2
-20.8803 797.386 0 0 5 -3
-20.8803 797.386 0 0 5 -4
-20.8803 797.386 0 0 5 -5
-20.8803 797.386 0 0 -5 5
-20.8803 797.386 0 0 -5 4
-20.8803 797.386 0 0 -5 3
-20.8803 797.386 0 0 -5 2
-20.8803 797.386 0 0 -5 1
-20.8803 797.386 0 0 -5 0
-20.8803 797.386 0 0 -5 -1
-20.8803 797.386 0 0 -5 -2
-20.8803 797.386 0 0 -5 -3
-20.8803 797.386 0 0 -5 -4
-20.8803 797.386 0 0 -5 -5
-186.21 775.62 0 0 0 5
-186.21 775.62 0 0 0 4
-186.21 775.62 0 0 0 3
-186.21 775.62 0 0 0 2
-186.21 775.62 0 0 0 1
-186.21 775.62 0 0 0 0
-186.21 775.62 0 0 0 -1
-186.21 775.62 0 0 0 -2
-186.21 775.62 0 0 0 -3
-186.21 775.62 0 0 0 -4
-186.21 775.62 0 0 0 -5
-186.21 775.62 0 0 5 5
-186.21 775.62 0 0 5 4
-186.21 775.62 0 0 5 3
-186.21 775.62 0 0 5 2
-186.21 775.62 0 0 5 1
-186.21 775.62 0 0 5 0
-186.21 775.62 0 0 5 -1
-186.21 775.62 0 0 5 -2
-186.21 775.62 0 0 5 -3
-186.21 775.62 0 0 5 -4
-186.21 775.62 0 0 5 -5
-186.21 775.62 0 0 -5 5
-186.21 775.62 0 0 -5 4
-186.21 775.62 0 0 -5 3
-186.21 775.62 0 0 -5 2
-186.21 775.62 0 0 -5 1
-186.21 775.62 0 0 -5 0
-186.21 775.62 0 0 -5 -1
-186.21 775.62 0 0 -5 -2
-186.21 775.62 0 0 -5 -3
-186.21 775.62 0 0 -5 -4
-186.21 775.62 0 0 -5 -5
-343.401 719.956 0 0 0 5
-343.401 719.956 0 0 0 4
-343.401 719.956 0 0 0 3
-343.401 719.956 0 0 0 2
-343.401 719.956 0 0 0 1
-343.401 719.956 0 0 0 0
-343.401 719.956 0 0 0 -1
-343.401 719.956 0 0 0 -2
-343.401 719.956 0 0 0 -3
-343.401 719.956 0 0 0 -4
-343.401 719.956 0 0 0 -5
-343.401 719.956 0 0 5 5
-343.401 719.956 0 0 5 4
-343.401 719.956 0 0 5 3
-343.401 719.956 0 0 5 2
-343.401 719.956 0 0 5 1
-343.401 719.956 0 0 5 0
-343.401 719.956 0 0 5 -1
-343.401 719.956 0 0 5 -2
-343.401 719.956 0 0 5 -3
-343.401 719.956 0 0 5 -4
-343.401 719.956 0 0 5 -5
-343.401 719.956 0 0 -5 5
-343.401 719.956 0 0 -5 4
-343.401 719.956 0 0 -5 3
-343.401 719.956 0 0 -5 2
-343.401 719.956 0 0 -5 1
-343.401 719.956 0 0 -5 0
-343.401 719.956 0 0 -5 -1
-343.401 719.956 0 0 -5 -2
-343.401 719.956 0 0 -5 -3
-343.401 719.956 0 0 -5 -4
-343.401 719.956 0 0 -5 -5
-485.584 632.826 0 0 0 5
-485.584 632.826 0 0 0 4
-485.584 632.826 0 0 0 3
-485.584 632.826 0 0 0 2
-485.584 632.826 0 0 0 1
-485.584 632.826 0 0 0 0
-485.584 632.826 0 0 0 -1
-485.584 632.826 0 0 0 -2
-485.584 632.826 0 0 0 -3
-485.584 632.826 0 0 0 -4
-485.584 632.826 0 0 0 -5
-485.584 632.826 0 0 5 5
-485.584 632.826 0 0 5 4
-485.584 632.826 0 0 5 3
-485.584 632.826 0 0 5 2
-485.584 632.826 0 0 5 1
-485.584 632.826 0 0 5 0
-485.584 632.826 0 0 5 -1
-485.584 632.826 0 0 5 -2
-485.584 632.826 0 0 5 -3
-485.584 632.826 0 0 5 -4
-485.584 632.826 0 0 5 -5
-485.584 632.826 0 0 -5 5
-485.584 632.826 0 0 -5 4
-485.584 632.826 0 0 -5 3
-485.584 632.826 0 0 -5 2
-485.584 632.826 0 0 -5 1
-485.584 632.826 0 0 -5 0
-485.584 632.826 0 0 -5 -1
-485.584 632.826 0 0 -5 -2
-485.584 632.826 0 0 -5 -3
-485.584 632.826 0 0 -5 -4
-485.584 632.826 0 0 -5 -5
-606.545 518.038 0 0 0 5
-606.545 518.038 0 0 0 4
-606.545 518.038 0 0 0 3
-606.545 518.038 0 0 0 2
-606.545 518.038 0 0 0 1
-606.545 518.038 0 0 0 0
-606.545 518.038 0 0 0 -1
-606.545 518.038 0 0 0 -2
-606.545 518.038 0 0 0 -3
-606.545 518.038 0 0 0 -4
-606.545 518.038 0 0 0 -5
-606.545 518.038 0 0 5 5
-606.545 518.038 0 0 5 4
-606.545 518.038 0 0 5 3
-606.545 518.038 0 0 5 2
-606.545 518.038 0 0 5 1
-606.545 518.038 0 0 5 0
-606.545 518.038 0 0 5 -1
-606.545 518.038 0 0 5 -2
-606.545 518.038 0 0 5 -3
-606.545 518.038 0 0 5 -4
-606.545 518.038 0 0 5 -5
-606.545 518.038 0 0 -5 5
-606.545 518.038 0 0 -5 4
-606.545 518.038 0 0 -5 3
-606.545 518.038 0 0 -5 2
-606.545 518.038 0 0 -5 1
-606.545 518.038 0 0 -5 0
-606.545 518.038 0 0 -5 -1
-606.545 518.038 0 0 -5 -2
-606.545 518.038 0 0 -5 -3
-606.545 518.038 0 0 -5 -4
-606.545 518.038 0 0 -5 -5
-700.997 380.61 0 0 0 5
-700.997 380.61 0 0 0 4
-700.997 380.61 0 0 0 3
-700.997 380.61 0 0 0 2
-700.997 380.61 0 0 0 1
-700.997 380.61 0 0 0 0
-700.997 380.61 0 0 0 -1
-700.997 380.61 0 0 0 -2
-700.997 380.61 0 0 0 -3
-700.997 380.61 0 0 0 -4
-700.997 380.61 0 0 0 -5
-700.997 380.61 0 0 5 5
-700.997 380.61 0 0 5 4
-700.997 380.61 0 0 5 3
-700.997 380.61 0 0 5 2
-700.997 380.61 0 0 5 1
-700.997 380.61 0 0 5 0
-700.997 380.61 0 0 5 -1
-700.997 380.61 0 0 5 -2
-700.997 380.61 0 0 5 -3
-700.997 380.61 0 0 5 -4
-700.997 380.61 0 0 5 -5
-700.997 380.61 0 0 -5 5
-700.997 380.61 0 0 -5 4
-700.997 380.61 0 0 -5 3
-700.997 380.61 0 0 -5 2
-700.997 380.61 0 0 -5 1
-700.997 380.61 0 0 -5 0
-700.997 380.61 0 0 -5 -1
-700.997 380.61 0 0 -5 -2
-700.997 380.61 0 0 -5 -3
-700.997 380.61 0 0 -5 -4
-700.997 380.61 0 0 -5 -5
-764.812 226.548 0 0 0 5
-764.812 226.548 0 0 0 4
-764.812 226.548 0 0 0 3
-764.812 226.548 0 0 0 2
-764.812 226.548 0 0 0 1
-764.812 226.548 0 0 0 0
-764.812 226.548 0 0 0 -1
-764.812 226.548 0 0 0 -2
-764.812 226.548 0 0 0 -3
-764.812 226.548 0 0 0 -4
-764.812 226.548 0 0 0 -5
-764.812 226.548 0 0 5 5
-764.812 226.548 0 0 5 4
-764.812 226.548 0 0 5 3
-764.812 226.548 0 0 5 2
-764.812 226.548 0 0 5 1
-764.812 226.548 0 0 5 0
-764.812 226.548 0 0 5 -1
-764.812 226.548 0 0 5 -2
-764.812 226.548 0 0 5 -3
-764.812 226.548 0 0 5 -4
-764.812 226.548 0 0 5 -5
-764.812 226.548 0 0 -5 5
-764.812 226.548 0 0 -5 4
-764.812 226.548 0 0 -5 3
-764.812 226.548 0 0 -5 2
-764.812 226.548 0 0 -5 1
-764.812 226.548 0 0 -5 0
-764.812 226.548 0 0 -5 -1
-764.812 226.548 0 0 -5 -2
-764.812 226.548 0 0 -5 -3
-764.812 226.548 0 0 -5 -4
-764.812 226.548 0 0 -5 -5
-795.201 62.5836 0 0 0 5
-795.201 62.5836 0 0 0 4
-795.201 62.5836 0 0 0 3
-795.201 62.5836 0 0 0 2
-795.201 62.5836 0 0 0 1
-795.201 62.5836 0 0 0 0
-795.201 62.5836 0 0 0 -1
-795.201 62.5836 0 0 0 -2
-795.201 62.5836 0 0 0 -3
-795.201 62.5836 0 0 0 -4
-795.201 62.5836 0 0 0 -5
-795.201 62.5836 0 0 5 5
-795.201 62.5836 0 0 5 4
-795.201 62.5836 0 0 5 3
-795.201 62.5836 0 0 5 2
-795.201 62.5836 0 0 5 1
-795.201 62.5836 0 0 5 0
-795.201 62.5836 0 0 5 -1
-795.201 62.5836 0 0 5 -2
-795.201 62.5836 0 0 5 -3
-795.201 62.5836 0 0 5 -4
-795.201 62.5836 0 0 5 -5
-795.201 62.5836 0 0 -5 5
-795.201 62.5836 0 0 -5 4
-795.201 62.5836 0 0 -5 3
-795.201 62.5836 0 0 -5 2
-795.201 62.5836 0 0 -5 1
-795.201 62.5836 0 0 -5 0
-795.201 62.5836 0 0 -5 -1
-795.201 62.5836 0 0 -5 -2
-795.201 62.5836 0 0 -5 -3
-795.201 62.5836 0 0 -5 -4
-795.201 62.5836 0 0 -5 -5
-790.835 -104.115 0 0 0 5
-790.835 -104.115 0 0 0 4
-790.835 -104.115 0 0 0 3
-790.835 -104.115 0 0 0 2
-790.835 -104.115 0 0 0 1
-790.835 -104.115 0 0 0 0
-790.835 -104.115 0 0 0 -1
-790.835 -104.115 0 0 0 -2
-790.835 -104.115 0 0 0 -3
-790.835 -104.115 0 0 0 -4
-790.835 -104.115 0 0 0 -5
-790.835 -104.115 0 0 5 5
-790.835 -104.115 0 0 5 4
-790.835 -104.115 0 0 5 3
-790.835 -104.115 0 0 5 2
-790.835 -104.115 0 0 5 1
-790.835 -104.115 0 0 5 0
-790.835 -104.115 0 0 5 -1
-790.835 -104.115 0 0 5 -2
-790.835 -104.115 0 0 5 -3
-790.835 -104.115 0 0 5 -4
-790.835 -104.115 0 0 5 -5
-790.835 -104.115 0 0 -5 5
-790.835 -104.115 0 0 -5 4
-790.835 -104.115 0 0 -5 3
-790.835 -104.115 0 0 -5 2
-790.835 -104.115 0 0 -5 1
-790.835 -104.115 0 0 -5 0
-790.835 -104.115 0 0 -5 -1
-790.835 -104.115 0 0 -5 -2
-790.835 -104.115 0 0 -5 -3
-790.835 -104.115 0 0 -5 -4
-790.835 -104.115 0 0 -5 -5
-751.907 -266.264 0 0 0 5
-751.907 -266.264 0 0 0 4
-751.907 -266.264 0 0 0 3
-751.907 -266.264 0 0 0 2
-751.907 -266.264 0 0 0 1
-751.907 -266.264 0 0 0 0
-751.907 -266.264 0 0 0 -1
-751.907 -266.264 0 0 0 -2
-751.907 -266.264 0 0 0 -3
-751.907 -266.264 0 0 0 -4
-751.907 -266.264 0 0 0 -5
-751.907 -266.264 0 0 5 5
-751.907 -266.264 0 0 5 4
-751.907 -266.264 0 0 5 3
-751.907 -266.264 0 0 5 2
-751.907 -266.264 0 0 5 1
-751.907 -266.264 0 0 5 0
-751.907 -266.264 0 0 5 -1
-751.907 -266.264 0 0 5 -2
-751.907 -266.264 0 0 5 -3
-751.907 -266.264 0 0 5 -4
-751.907 -266.264 0 0 5 -5
-751.907 -266.264 0 0 -5 5
-751.907 -266.264 0 0 -5 4
-751.907 -266.264 0 0 -5 3
-751.907 -266.264 0 0 -5 2
-751.907 -266.264 0 0 -5 1
-751.907 -266.264 0 0 -5 0
-751.907 -266.264 0 0 -5 -1
-751.907 -266.264 0 0 -5 -2
-751.907 -266.264 0 0 -5 -3
-751.907 -266.264 0 0 -5 -4
-751.907 -266.264 0 0 -5 -5
-680.117 -416.776 0 0 0 5
-680.117 -416.776 0 0 0 4
-680.117 -416.776 0 0 0 3
-680.117 -416.776 0 0 0 2
-680.117 -416.776 0 0 0 1
-680.117 -416.776 0 0 0 0
-680.117 -416.776 0 0 0 -1
-680.117 -416.776 0 0 0 -2
-680.117 -416.776 0 0 0 -3
-680.117 -416.776 0 0 0 -4
-680.117 -416.776 0 0 0 -5
-680.117 -416.776 0 0 5 5
-680.117 -416.776 0 0 5 4
-680.117 -416.776 0 0 5 3
-680.117 -416.776 0 0 5 2
-680.117 -416.776 0 0 5 1
-680.117 -416.776 0 0 5 0
-680.117 -416.776 0 0 5 -1
-680.117 -416.776 0 0 5 -2
-680.117 -416.776 0 0 5 -3
-680.117 -416.776 0 0 5 -4
-680.117 -416.776 0 0 5 -5
-680.117 -416.776 0 0 -5 5
-680.117 -416.776 0 0 -5 4
-680.117 -416.776 0 0 -5 3
-680.117 -416.776 0 0 -5 2
-680.117 -416.776 0 0 -5 1
-680.117 -416.776 0 0 -5 0
-680.117 -416.776 0 0 -5 -1
-680.117 -416.776 0 0 -5 -2
-680.117 -416.776 0 0 -5 -3
-680.117 -416.776 0 0 -5 -4
-680.117 -416.776 0 0 -5 -5
-578.602 -549.073 0 0 0 5
-578.602 -549.073 0 0 0 4
-578.602 -549.073 0 0 0 3
-578.602 -549.073 0 0 0 2
-578.602 -549.073 0 0 0 1
-578.602 -549.073 0 0 0 0
-578.602 -549.073 0 0 0 -1
-578.602 -549.073 0 0 0 -2
-578.602 -549.073 0 0 0 -3
-578.602 -549.073 0 0 0 -4
-578.602 -549.073 0 0 0 -5
-578.602 -549.073 0 0 5 5
-578.602 -549.073 0 0 5 4
-578.602 -549.073 0 0 5 3
-578.602 -549.073 0 0 5 2
-578.602 -549.073 0 0 5 1
-578.602 -549.073 0 0 5 0
-578.602 -549.073 0 0 5 -1
-578.602 -549.073 0 0 5 -2
-578.602 -549.073 0 0 5 -3
-578.602 -549.073 0 0 5 -4
-578.602 -549.073 0 0 5 -5
-578.602 -549.073 0 0 -5 5
-578.602 -549.073 0 0 -5 4
-578.602 -549.073 0 0 -5 3
-578.602 -549.073 0 0 -5 2
-578.602 -549.073 0 0 -5 1
-578.602 -549.073 0 0 -5 0
-578.602 -549.073 0 0 -5 -1
-578.602 -549.073 0 0 -5 -2
-578.602 -549.073 0 0 -5 -3
-578.602 -549.073 0 0 -5 -4
-578.602 -549.073 0 0 -5 -5
-451.799 -657.372 0 0 0 5
-451.799 -657.372 0 0 0 4
-451.799 -657.372 0 0 0 3
-451.799 -657.372 0 0 0 2
-451.799 -657.372 0 0 0 1
-451.799 -657.372 0 0 0 0
-451.799 -657.372 0 0 0 -1
-451.799 -657.372 0 0 0 -2
-451.799 -657.372 0 0 0 -3
-451.799 -657.372 0 0 0 -4
-451.799 -657.372 0 0 0 -5
-451.799 -657.372 0 0 5 5
-451.799 -657.372 0 0 5 4
-451.799 -657.372 0 0 5 3
-451.799 -657.372 0 0 5 2
-451.799 -657.372 0 0 5 1
-451.799 -657.372 0 0 5 0
-451.799 -657.372 0 0 5 -1
-451.799 -657.372 0 0 5 -2
-451.799 -657.372 0 0 5 -3
-451.799 -657.372 0 0 5 -4
-451.799 -657.372 0 0 5 -5
-451.799 -657.372 0 0 -5 5
-451.799 -657.372 0 0 -5 4
-451.799 -657.372 0 0 -5 3
-451.799 -657.372 0 0 -5 2
-451.799 -657.372 0 0 -5 1
-451.799 -657.372 0 0 -5 0
-451.799 -657.372 0 0 -5 -1
-451.799 -657.372 0 0 -5 -2
-451.799 -657.372 0 0 -5 -3
-451.799 -657.372 0 0 -5 -4
-451.799 -657.372 0 0 -5 -5
-305.251 -736.941 0 0 0 5
-305.251 -736.941 0 0 0 4
-305.251 -736.941 0 0 0 3
-305.251 -736.941 0 0 0 2
-305.251 -736.941 0 0 0 1
-305.251 -736.941 0 0 0 0
-305.251 -736.941 0 0 0 -1
-305.251 -736.941 0 0 0 -2
-305.251 -736.941 0 0 0 -3
-305.251 -736.941 0 0 0 -4
-305.251 -736.941 0 0 0 -5
-305.251 -736.941 0 0 5 5
-305.251 -736.941 0 0 5 4
-305.251 -736.941 0 0 5 3
-305.251 -736.941 0 0 5 2
-305.251 -736.941 0 0 5 1
-305.251 -736.941 0 0 5 0
-305.251 -736.941 0 0 5 -1
-305.251 -736.941 0 0 5 -2
-305.251 -736.941 0 0 5 -3
-305.251 -736.941 0 0 5 -4
-305.251 -736.941 0 0 5 -5
-305.251 -736.941 0 0 -5 5
-305.251 -736.941 0 0 -5 4
-305.251 -736.941 0 0 -5 3
-305.251 -736.941 0 0 -5 2
-305.251 -736.941 0 0 -5 1
-305.251 -736.941 0 0 -5 0
-305.251 -736.941 0 0 -5 -1
-305.251 -736.941 0 0 -5 -2
-305.251 -736.941 0 0 -5 -3
-305.251 -736.941 0 0 -5 -4
-305.251 -736.941 0 0 -5 -5
-145.362 -784.303 0 0 0 5
-145.362 -784.303 0 0 0 4
-145.362 -784.303 0 0 0 3
-145.362 -784.303 0 0 0 2
-145.362 -784.303 0 0 0 1
-145.362 -784.303 0 0 0 0
-145.362 -784.303 0 0 0 -1
-145.362 -784.303 0 0 0 -2
-145.362 -784.303 0 0 0 -3
-145.362 -784.303 0 0 0 -4
-145.362 -784.303 0 0 0 -5
-145.362 -784.303 0 0 5 5
-145.362 -784.303 0 0 5 4
-145.362 -784.303 0 0 5 3
-145.362 -784.303 0 0 5 2
-145.362 -784.303 0 0 5 1
-145.362 -784.303 0 0 5 0
-145.362 -784.303 0 0 5 -1
-145.362 -784.303 0 0 5 -2
-145.362 -784.303 0 0 5 -3
-145.362 -784.303 0 0 5 -4
-145.362 -784.303 0 0 5 -5
-145.362 -784.303 0 0 -5 5
-145.362 -784.303 0 0 -5 4
-145.362 -784.303 0 0 -5 3
-145.362 -784.303 0 0 -5 2
-145.362 -784.303 0 0 -5 1
-145.362 -784.303 0 0 -5 0
-145.362 -784.303 0 0 -5 -1
-145.362 -784.303 0 0 -5 -2
-145.362 -784.303 0 0 -5 -3
-145.362 -784.303 0 0 -5 -4
-145.362 -784.303 0 0 -5 -5
20.8803 -797.386 0 0 0 5
20.8803 -797.386 0 0 0 4
20.8803 -797.386 0 0 0 3
20.8803 -797.386 0 0 0 2
20.8803 -797.386 0 0 0 1
20.8803 -797.386 0 0 0 0
20.8803 -797.386 0 0 0 -1
20.8803 -797.386 0 0 0 -2
20.8803 -797.386 0 0 0 -3
20.8803 -797.386 0 0 0 -4
20.8803 -797.386 0 0 0 -5
20.8803 -797.386 0 0 5 5
20.8803 -797.386 0 0 5 4
20.8803 -797.386 0 0 5 3
20.8803 -797.386 0 0 5 2
20.8803 -797.386 0 0 5 1
20.8803 -797.386 0 0 5 0
20.8803 -797.386 0 0 5 -1
20.8803 -797.386 0 0 5 -2
20.8803 -797.386 0 0 5 -3
20.8803 -797.386 0 0 5 -4
20.8803 -797.386 0 0 5 -5
20.8803 -797.386 0 0 -5 5
20.8803 -797.386 0 0 -5 4
20.8803 -797.386 0 0 -5 3
20.8803 -797.386 0 0 -5 2
20.8803 -797.386 0 0 -5 1
20.8803 -797.386 0 0 -5 0
20.8803 -797.386 0 0 -5 -1
20.8803 -797.386 0 0 -5 -2
20.8803 -797.386 0 0 -5 -3
20.8803 -797.386 0 0 -5 -4
20.8803 -797.386 0 0 -5 -5
186.21 -775.62 0 0 0 5
186.21 -775.62 0 0 0 4
186.21 -775.62 0 0 0 3
186.21 -775.62 0 0 0 2
186.21 -775.62 0 0 0 1
186.21 -775.62 0 0 0 0
186.21 -775.62 0 0 0 -1
186.21 -775.62 0 0 0 -2
186.21 -775.62 0 0 0 -3
186.21 -775.62 0 0 0 -4
186.21 -775.62 0 0 0 -5
186.21 -775.62 0 0 5 5
186.21 -775.62 0 0 5 4
186.21 -775.62 0 0 5 3
186.21 -775.62 0 0 5 2
186.21 -775.62 0 0 5 1
186.21 -775.62 0 0 5 0
186.21 -775.62 0 0 5 -1
186.21 -775.62 0 0 5 -2
186.21 -775.62 0 0 5 -3
186.21 -775.62 0 0 5 -4
186.21 -775.62 0 0 5 -5
186.21 -775.62 0 0 -5 5
186.21 -775.62 0 0 -5 4
186.21 -775.62 0 0 -5 3
186.21 -775.62 0 0 -5 2
186.21 -775.62 0 0 -5 1
186.21 -775.62 0 0 -5 0
186.21 -775.62 0 0 -5 -1
186.21 -775.62 0 0 -5 -2
186.21 -775.62 0 0 -5 -3
186.21 -775.62 0 0 -5 -4
186.21 -775.62 0 0 -5 -5
343.401 -719.956 0 0 0 5
343.401 -719.956 0 0 0 4
343.401 -719.956 0 0 0 3
343.401 -719.956 0 0 0 2
343.401 -719.956 0 0 0 1
343.401 -719.956 0 0 0 0
343.401 -719.956 0 0 0 -1
343.401 -719.956 0 0 0 -2
343.401 -719.956 0 0 0 -3
343.401 -719.956 0 0 0 -4
343.401 -719.956 0 0 0 -5
343.401 -719.956 0 0 5 5
343.401 -719.956 0 0 5 4
343.401 -719.956 0 0 5 3
343.401 -719.956 0 0 5 2
343.401 -719.956 0 0 5 1
343.401 -719.956 0 0 5 0
343.401 -719.956 0 0 5 -1
343.401 -719.956 0 0 5 -2
343.401 -719.956 0 0 5 -3
343.401 -719.956 0 0 5 -4
343.401 -719.956 0 0 5 -5
343.401 -719.956 0 0 -5 5
343.401 -719.956 0 0 -5 4
343.401 -719.956 0 0 -5 3
343.401 -719.956 0 0 -5 2
343.401 -719.956 0 0 -5 1
343.401 -719.956 0 0 -5 0
343.401 -719.956 0 0 -5 -1
343.401 -719.956 0 0 -5 -2
343.401 -719.956 0 0 -5 -3
343.401 -719.956 0 0 -5 -4
343.401 -719.956 0 0 -5 -5
485.584 -632.826 0 0 0 5
485.584 -632.826 0 0 0 4
485.584 -632.826 0 0 0 3
485.584 -632.826 0 0 0 2
485.584 -632.826 0 0 0 1
485.584 -632.826 0 0 0 0
485.584 -632.826 0 0 0 -1
485.584 -632.826 0 0 0 -2
485.584 -632.826 0 0 0 -3
485.584 -632.826 0 0 0 -4
485.584 -632.826 0 0 0 -5
485.584 -632.826 0 0 5 5
485.584 -632.826 0 0 5 4
485.584 -632.826 0 0 5 3
485.584 -632.826 0 0 5 2
485.584 -632.826 0 0 5 1
485.584 -632.826 0 0 5 0
485.584 -632.826 0 0 5 -1
485.584 -632.826 0 0 5 -2
485.584 -632.826 0 0 5 -3
485.584 -632.826 0 0 5 -4
485.584 -632.826 0 0 5 -5
485.584 -632.826 0 0 -5 5
485.584 -632.826 0 0 -5 4
485.584 -632.826 0 0 -5 3
485.584 -632.826 0 0 -5 2
485.584 -632.826 0 0 -5 1
485.584 -632.826 0 0 -5 0
485.584 -632.826 0 0 -5 -1
485.584 -632.826 0 0 -5 -2
485.584 -632.826 0 0 -5 -3
485.584 -632.826 0 0 -5 -4
485.584 -632.826 0 0 -5 -5
606.545 -518.038 0 0 0 5
606.545 -518.038 0 0 0 4
606.545 -518.038 0 0 0 3
606.545 -518.038 0 0 0 2
606.545 -518.038 0 0 0 1
606.545 -518.038 0 0 0 0
606.545 -518.038 0 0 0 -1
606.545 -518.038 0 0 0 -2
606.545 -518.038 0 0 0 -3
606.545 -518.038 0 0 0 -4
606.545 -518.038 0 0 0 -5
606.545 -518.038 0 0 5 5
606.545 -518.038 0 0 5 4
606.545 -518.038 0 0 5 3
606.545 -518.038 0 0 5 2
606.545 -518.038 0 0 5 1
606.545 -518.038 0 0 5 0
606.545 -518.038 0 0 5 -1
606.545 -518.038 0 0 5 -2
606.545 -518.038 0 0 5 -3
606.545 -518.038 0 0 5 -4
606.545 -518.038 0 0 5 -5
606.545 -518.038 0 0 -5 5
606.545 -518.038 0 0 -5 4
606.545 -518.038 0 0 -5 3
606.545 -518.038 0 0 -5 2
606.545 -518.038 0 0 -5 1
606.545 -518.038 0 0 -5 0
606.545 -518.038 0 0 -5 -1
606.545 -518.038 0 0 -5 -2
606.545 -518.038 0 0 -5 -3
606.545 -518.038 0 0 -5 -4
606.545 -518.038 0 0 -5 -5
700.997 -380.61 0 0 0 5
700.997 -380.61 0 0 0 4
700.997 -380.61 0 0 0 3
700.997 -380.61 0 0 0 2
700.997 -380.61 0 0 0 1
700.997 -380.61 0 0 0 0
700.997 -380.61 0 0 0 -1
700.997 -380.61 0 0 0 -2
700.997 -380.61 0 0 0 -3
700.997 -380.61 0 0 0 -4
700.997 -380.61 0 0 0 -5
700.997 -380.61 0 0 5 5
700.997 -380.61 0 0 5 4
700.997 -380.61 0 0 5 3
700.997 -380.61 0 0 5 2
700.997 -380.61 0 0 5 1
700.997 -380.61 0 0 5 0
700.997 -380.61 0 0 5 -1
700.997 -380.61 0 0 5 -2
700.997 -380.61 0 0 5 -3
700.997 -380.61 0 0 5 -4
700.997 -380.61 0 0 5 -5
700.997 -380.61 0 0 -5 5
700.997 -380.61 0 0 -5 4
700.997 -380.61 0 0 -5 3
700.997 -380.61 0 0 -5 2
700.997 -380.61 0 0 -5 1
700.997 -380.61 0 0 -5 0
700.997 -380.61 0 0 -5 -1
700.997 -380.61 0 0 -5 -2
700.997 -380.61 0 0 -5 -3
700.997 -380.61 0 0 -5 -4
700.997 -380.61 0 0 -5 -5
764.812 -226.548 0 0 0 5
764.812 -226.548 0 0 0 4
764.812 -226.548 0 0 0 3
764.812 -226.548 0 0 0 2
764.812 -226.548 0 0 0 1
764.812 -226.548 0 0 0 0
764.812 -226.548 0 0 0 -1
764.812 -226.548 0 0 0 -2
764.812 -226.548 0 0 0 -3
764.812 -226.548 0 0 0 -4
764.812 -226.548 0 0 0 -5
764.812 -226.548 0 0 5 5
764.812 -226.548 0 0 5 4
764.812 -226.548 0 0 5 3
764.812 -226.548 0 0 5 2
764.812 -226.548 0 0 5 1
764.812 -226.548 0 0 5 0
764.812 -226.548 0 0 5 -1
764.812 -226.548 0 0 5 -2
764.812 -226.548 0 0 5 -3
764.812 -226.548 0 0 5 -4
764.812 -226.548 0 0 5 -5
764.812 -226.548 0 0 -5 5
764.812 -226.548 0 0 -5 4
764.812 -226.548 0 0 -5 3
764.812 -226.548 0 0 -5 2
764.812 -226.548 0 0 -5 1
764.812 -226.548 0 0 -5 0
764.812 -226.548 0 0 -5 -1
764.812 -226.548 0 0 -5 -2
764.812 -226.548 0 0 -5 -3
764.812 -226.548 0 0 -5 -4
764.812 -226.548 0 0 -5 -5
795.201 -62.5836 0 0 0 5
795.201 -62.5836 0 0 0 4
795.201 -62.5836 0 0 0 3
795.201 -62.5836 0 0 0 2
795.201 -62.5836 0 0 0 1
795.201 -62.5836 0 0 0 0
795.201 -62.5836 0 0 0 -1
795.201 -62.5836 0 0 0 -2
795.201 -62.5836 0 0 0 -3
795.201 -62.5836 0 0 0 -4
795.201 -62.5836 0 0 0 -5
795.201 -62.5836 0 0 5 5
795.201 -62.5836 0 0 5 4
795.201 -62.5836 0 0 5 3
795.201 -62.5836 0 0 5 2
795.201 -62.5836 0 0 5 1
795.201 -62.5836 0 0 5 0
795.201 -62.5836 0 0 5 -1
795.201 -62.5836 0 0 5 -2
795.201 -62.5836 0 0 5 -3
795.201 -62.5836 0 0 5 -4
795.201 -62.5836 0 0 5 -5
795.201 -62.5836 0 0 -5 5
795.201 -62.5836 0 0 -5 4
795.201 -62.5836 0 0 -5 3
795.201 -62.5836 0 0 -5 2
795.201 -62.5836 0 0 -5 1
795.201 -62.5836 0 0 -5 0
795.201 -62.5836 0 0 -5 -1
795.201 -62.5836 0 0 -5 -2
795.201 -62.5836 0 0 -5 -3
795.201 -62.5836 0 0 -5 -4
795.201 -62.5836 0 0 -5 -5