100 0 0
100 0 0
100 0 0
100 0 0
100 0 0
100 0 0
100 0 0
100 0 0
100 0 0
100 0 0
100 0 0
100 0 0
100 0 0
100 0 0
100 0 0
100 0 0
100 0 0
100 0 0
100 0 0
100 0 0
100 0 0
100 0 0
100 0 0
100 0 0
100 0 0
100 0 0
100 0 0
100 0 0
100 0 0
100 0 0
100 0 0
100 0 0
100 0 0
97.8148 20.7912 0
97.8148 20.7912 0
97.8148 20.7912 0
97.8148 20.7912 0
97.8148 20.7912 0
97.8148 20.7912 0
97.8148 20.7912 0
97.8148 20.7912 0
97.8148 20.7912 0
97.8148 20.7912 0
97.8148 20.7912 0
97.8148 20.7912 0
97.8148 20.7912 0
97.8148 20.7912 0
97.8148 20.7912 0
97.8148 20.7912 0
97.8148 20.7912 0
97.8148 20.7912 0
97.8148 20.7912 0
97.8148 20.7912 0
97.8148 20.7912 0
97.8148 20.7912 0
97.8148 20.7912 0
97.8148 20.7912 0
97.8148 20.7912 0
97.8148 20.7912 0
97.8148 20.7912 0
97.8148 20.7912 0
97.8148 20.7912 0
97.8148 20.7912 0
97.8148 20.7912 0
97.8148 20.7912 0
97.8148 20.7912 0
91.3545 40.6737 0
91.3545 40.6737 0
91.3545 40.6737 0
91.3545 40.6737 0
91.3545 40.6737 0
91.3545 40.6737 0
91.3545 40.6737 0
91.3545 40.6737 0
91.3545 40.6737 0
91.3545 40.6737 0
91.3545 40.6737 0
91.3545 40.6737 0
91.3545 40.6737 0
91.3545 40.6737 0
91.3545 40.6737 0
91.3545 40.6737 0
91.3545 40.6737 0
91.3545 40.6737 0
91.3545 40.6737 0
91.3545 40.6737 0
91.3545 40.6737 0
91.3545 40.6737 0
91.3545 40.6737 0
91.3545 40.6737 0
91.3545 40.6737 0
91.3545 40.6737 0
91.3545 40.6737 0
91.3545 40.6737 0
91.3545 40.6737 0
91.3545 40.6737 0
91.3545 40.6737 0
91.3545 40.6737 0
91.3545 40.6737 0
80.9017 58.7785 0
80.9017 58.7785 0
80.9017 58.7785 0
80.9017 58.7785 0
80.9017 58.7785 0
80.9017 58.7785 0
80.9017 58.7785 0
80.9017 58.7785 0
80.9017 58.7785 0
80.9017 58.7785 0
80.9017 58.7785 0
80.9017 58.7785 0
80.9017 58.7785 0
80.9017 58.7785 0
80.9017 58.7785 0
80.9017 58.7785 0
80.9017 58.7785 0
80.9017 58.7785 0
80.9017 58.7785 0
80.9017 58.7785 0
80.9017 58.7785 0
80.9017 58.7785 0
80.9017 58.7785 0
80.9017 58.7785 0
80.9017 58.7785 0
80.9017 58.7785 0
80.9017 58.7785 0
80.9017 58.7785 0
80.9017 58.7785 0
80.9017 58.7785 0
80.9017 58.7785 0
80.9017 58.7785 0
80.9017 58.7785 0
66.9131 74.3145 0
66.9131 74.3145 0
66.9131 74.3145 0
66.9131 74.3145 0
66.9131 74.3145 0
66.9131 74.3145 0
66.9131 74.3145 0
66.9131 74.3145 0
66.9131 74.3145 0
66.9131 74.3145 0
66.9131 74.3145 0
66.9131 74.3145 0
66.9131 74.3145 0
66.9131 74.3145 0
66.9131 74.3145 0
66.9131 74.3145 0
66.9131 74.3145 0
66.9131 74.3145 0
66.9131 74.3145 0
66.9131 74.3145 0
66.9131 74.3145 0
66.9131 74.3145 0
66.9131 74.3145 0
66.9131 74.3145 0
66.9131 74.3145 0
66.9131 74.3145 0
66.9131 74.3145 0
66.9131 74.3145 0
66.9131 74.3145 0
66.9131 74.3145 0
66.9131 74.3145 0
66.9131 74.3145 0
66.9131 74.3145 0
50 86.6025 0
50 86.6025 0
50 86.6025 0
50 86.6025 0
50 86.6025 0
50 86.6025 0
50 86.6025 0
50 86.6025 0
50 86.6025 0
50 86.6025 0
50 86.6025 0
50 86.6025 0
50 86.6025 0
50 86.6025 0
50 86.6025 0
50 86.6025 0
50 86.6025 0
50 86.6025 0
50 86.6025 0
50 86.6025 0
50 86.6025 0
50 86.6025 0
50 86.6025 0
50 86.6025 0
50 86.6025 0
50 86.6025 0
50 86.6025 0
50 86.6025 0
50 86.6025 0
50 86.6025 0
50 86.6025 0
50 86.6025 0
50 86.6025 0
30.9017 95.1057 0
30.9017 95.1057 0
30.9017 95.1057 0
30.9017 95.1057 0
30.9017 95.1057 0
30.9017 95.1057 0
30.9017 95.1057 0
30.9017 95.1057 0
30.9017 95.1057 0
30.9017 95.1057 0
30.9017 95.1057 0
30.9017 95.1057 0
30.9017 95.1057 0
30.9017 95.1057 0
30.9017 95.1057 0
30.9017 95.1057 0
30.9017 95.1057 0
30.9017 95.1057 0
30.9017 95.1057 0
30.9017 95.1057 0
30.9017 95.1057 0
30.9017 95.1057 0
30.9017 95.1057 0
30.9017 95.1057 0
30.9017 95.1057 0
30.9017 95.1057 0
30.9017 95.1057 0
30.9017 95.1057 0
30.9017 95.1057 0
30.9017 95.1057 0
30.9017 95.1057 0
30.9017 95.1057 0
30.9017 95.1057 0
10.4528 99.4522 0
10.4528 99.4522 0
10.4528 99.4522 0
10.4528 99.4522 0
10.4528 99.4522 0
10.4528 99.4522 0
10.4528 99.4522 0
10.4528 99.4522 0
10.4528 99.4522 0
10.4528 99.4522 0
10.4528 99.4522 0
10.4528 99.4522 0
10.4528 99.4522 0
10.4528 99.4522 0
10.4528 99.4522 0
10.4528 99.4522 0
10.4528 99.4522 0
10.4528 99.4522 0
10.4528 99.4522 0
10.4528 99.4522 0
10.4528 99.4522 0
10.4528 99.4522 0
10.4528 99.4522 0
10.4528 99.4522 0
10.4528 99.4522 0
10.4528 99.4522 0
10.4528 99.4522 0
10.4528 99.4522 0
10.4528 99.4522 0
10.4528 99.4522 0
10.4528 99.4522 0
10.4528 99.4522 0
10.4528 99.4522 0
-10.4528 99.4522 0
-10.4528 99.4522 0
-10.4528 99.4522 0
-10.4528 99.4522 0
-10.4528 99.4522 0
-10.4528 99.4522 0
-10.4528 99.4522 0
-10.4528 99.4522 0
-10.4528 99.4522 0
-10.4528 99.4522 0
-10.4528 99.4522 0
-10.4528 99.4522 0
-10.4528 99.4522 0
-10.4528 99.4522 0
-10.4528 99.4522 0
-10.4528 99.4522 0
-10.4528 99.4522 0
-10.4528 99.4522 0
-10.4528 99.4522 0
-10.4528 99.4522 0
-10.4528 99.4522 0
-10.4528 99.4522 0
-10.4528 99.4522 0
-10.4528 99.4522 0
-10.4528 99.4522 0
-10.4528 99.4522 0
-10.4528 99.4522 0
-10.4528 99.4522 0
-10.4528 99.4522 0
-10.4528 99.4522 0
-10.4528 99.4522 0
-10.4528 99.4522 0
-10.4528 99.4522 0
-30.9017 95.1057 0
-30.9017 95.1057 0
-30.9017 95.1057 0
-30.9017 95.1057 0
-30.9017 95.1057 0
-30.9017 95.1057 0
-30.9017 95.1057 0
-30.9017 95.1057 0
-30.9017 95.1057 0
-30.9017 95.1057 0
-30.9017 95.1057 0
-30.9017 95.1057 0
-30.9017 95.1057 0
-30.9017 95.1057 0
-30.9017 95.1057 0
-30.9017 95.1057 0
-30.9017 95.1057 0
-30.9017 95.1057 0
-30.9017 95.1057 0
-30.9017 95.1057 0
-30.9017 95.1057 0
-30.9017 95.1057 0
-30.9017 95.1057 0
-30.9017 95.1057 0
-30.9017 95.1057 0
-30.9017 95.1057 0
-30.9017 95.1057 0
-30.9017 95.1057 0
-30.9017 95.1057 0
-30.9017 95.1057 0
-30.9017 95.1057 0
-30.9017 95.1057 0
-30.9017 95.1057 0
-50 86.6025 0
-50 86.6025 0
-50 86.6025 0
-50 86.6025 0
-50 86.6025 0
-50 86.6025 0
-50 86.6025 0
-50 86.6025 0
-50 86.6025 0
-50 86.6025 0
-50 86.6025 0
-50 86.6025 0
-50 86.6025 0
-50 86.6025 0
-50 86.6025 0
-50 86.6025 0
-50 86.6025 0
-50 86.6025 0
-50 86.6025 0
-50 86.6025 0
-50 86.6025 0
-50 86.6025 0
-50 86.6025 0
-50 86.6025 0
-50 86.6025 0
-50 86.6025 0
-50 86.6025 0
-50 86.6025 0
-50 86.6025 0
-50 86.6025 0
-50 86.6025 0
-50 86.6025 0
-50 86.6025 0
-66.9131 74.3145 0
-66.9131 74.3145 0
-66.9131 74.3145 0
-66.9131 74.3145 0
-66.9131 74.3145 0
-66.9131 74.3145 0
-66.9131 74.3145 0
-66.9131 74.3145 0
-66.9131 74.3145 0
-66.9131 74.3145 0
-66.9131 74.3145 0
-66.9131 74.3145 0
-66.9131 74.3145 0
-66.9131 74.3145 0
-66.9131 74.3145 0
-66.9131 74.3145 0
-66.9131 74.3145 0
-66.9131 74.3145 0
-66.9131 74.3145 0
-66.9131 74.3145 0
-66.9131 74.3145 0
-66.9131 74.3145 0
-66.9131 74.3145 0
-66.9131 74.3145 0
-66.9131 74.3145 0
-66.9131 74.3145 0
-66.9131 74.3145 0
-66.9131 74.3145 0
-66.9131 74.3145 0
-66.9131 74.3145 0
-66.9131 74.3145 0
-66.9131 74.3145 0
-66.9131 74.3145 0
-80.9017 58.7785 0
-80.9017 58.7785 0
-80.9017 58.7785 0
-80.9017 58.7785 0
-80.9017 58.7785 0
-80.9017 58.7785 0
-80.9017 58.7785 0
-80.9017 58.7785 0
-80.9017 58.7785 0
-80.9017 58.7785 0
-80.9017 58.7785 0
-80.9017 58.7785 0
-80.9017 58.7785 0
-80.9017 58.7785 0
-80.9017 58.7785 0
-80.9017 58.7785 0
-80.9017 58.7785 0
-80.9017 58.7785 0
-80.9017 58.7785 0
-80.9017 58.7785 0
-80.9017 58.7785 0
-80.9017 58.7785 0
-80.9017 58.7785 0
-80.9017 58.7785 0
-80.9017 58.7785 0
-80.9017 58.7785 0
-80.9017 58.7785 0
-80.9017 58.7785 0
-80.9017 58.7785 0
-80.9017 58.7785 0
-80.9017 58.7785 0
-80.9017 58.7785 0
-80.9017 58.7785 0
-91.3545 40.6737 0
-91.3545 40.6737 0
-91.3545 40.6737 0
-91.3545 40.6737 0
-91.3545 40.6737 0
-91.3545 40.6737 0
-91.3545 40.6737 0
-91.3545 40.6737 0
-91.3545 40.6737 0
-91.3545 40.6737 0
-91.3545 40.6737 0
-91.3545 40.6737 0
-91.3545 40.6737 0
-91.3545 40.6737 0
-91.3545 40.6737 0
-91.3545 40.6737 0
-91.3545 40.6737 0
-91.3545 40.6737 0
-91.3545 40.6737 0
-91.3545 40.6737 0
-91.3545 40.6737 0
-91.3545 40.6737 0
-91.3545 40.6737 0
-91.3545 40.6737 0
-91.3545 40.6737 0
-91.3545 40.6737 0
-91.3545 40.6737 0
-91.3545 40.6737 0
-91.3545 40.6737 0
-91.3545 40.6737 0
-91.3545 40.6737 0
-91.3545 40.6737 0
-91.3545 40.6737 0
-97.8148 20.7912 0
-97.8148 20.7912 0
-97.8148 20.7912 0
-97.8148 20.7912 0
-97.8148 20.7912 0
-97.8148 20.7912 0
-97.8148 20.7912 0
-97.8148 20.7912 0
-97.8148 20.7912 0
-97.8148 20.7912 0
-97.8148 20.7912 0
-97.8148 20.7912 0
-97.8148 20.7912 0
-97.8148 20.7912 0
-97.8148 20.7912 0
-97.8148 20.7912 0
-97.8148 20.7912 0
-97.8148 20.7912 0
-97.8148 20.7912 0
-97.8148 20.7912 0
-97.8148 20.7912 0
-97.8148 20.7912 0
-97.8148 20.7912 0
-97.8148 20.7912 0
-97.8148 20.7912 0
-97.8148 20.7912 0
-97.8148 20.7912 0
-97.8148 20.7912 0
-97.8148 20.7912 0
-97.8148 20.7912 0
-97.8148 20.7912 0
-97.8148 20.7912 0
-97.8148 20.7912 0
-100 0 0
-100 0 0
-100 0 0
-100 0 0
-100 0 0
-100 0 0
-100 0 0
-100 0 0
-100 0 0
-100 0 0
-100 0 0
-100 0 0
-100 0 0
-100 0 0
-100 0 0
-100 0 0
-100 0 0
-100 0 0
-100 0 0
-100 0 0
-100 0 0
-100 0 0
-100 0 0
-100 0 0
-100 0 0
-100 0 0
-100 0 0
-100 0 0
-100 0 0
-100 0 0
-100 0 0
-100 0 0
-100 0 0
-97.8148 -20.7912 0
-97.8148 -20.7912 0
-97.8148 -20.7912 0
-97.8148 -20.7912 0
-97.8148 -20.7912 0
-97.8148 -20.7912 0
-97.8148 -20.7912 0
-97.8148 -20.7912 0
-97.8148 -20.7912 0
-97.8148 -20.7912 0
-97.8148 -20.7912 0
-97.8148 -20.7912 0
-97.8148 -20.7912 0
-97.8148 -20.7912 0
-97.8148 -20.7912 0
-97.8148 -20.7912 0
-97.8148 -20.7912 0
-97.8148 -20.7912 0
-97.8148 -20.7912 0
-97.8148 -20.7912 0
-97.8148 -20.7912 0
-97.8148 -20.7912 0
-97.8148 -20.7912 0
-97.8148 -20.7912 0
-97.8148 -20.7912 0
-97.8148 -20.7912 0
-97.8148 -20.7912 0
-97.8148 -20.7912 0
-97.8148 -20.7912 0
-97.8148 -20.7912 0
-97.8148 -20.7912 0
-97.8148 -20.7912 0
-97.8148 -20.7912 0
-91.3545 -40.6737 0
-91.3545 -40.6737 0
-91.3545 -40.6737 0
-91.3545 -40.6737 0
-91.3545 -40.6737 0
-91.3545 -40.6737 0
-91.3545 -40.6737 0
-91.3545 -40.6737 0
-91.3545 -40.6737 0
-91.3545 -40.6737 0
-91.3545 -40.6737 0
-91.3545 -40.6737 0
-91.3545 -40.6737 0
-91.3545 -40.6737 0
-91.3545 -40.6737 0
-91.3545 -40.6737 0
-91.3545 -40.6737 0
-91.3545 -40.6737 0
-91.3545 -40.6737 0
-91.3545 -40.6737 0
-91.3545 -40.6737 0
-91.3545 -40.6737 0
-91.3545 -40.6737 0
-91.3545 -40.6737 0
-91.3545 -40.6737 0
-91.3545 -40.6737 0
-91.3545 -40.6737 0
-91.3545 -40.6737 0
-91.3545 -40.6737 0
-91.3545 -40.6737 0
-91.3545 -40.6737 0
-91.3545 -40.6737 0
-91.3545 -40.6737 0
-80.9017 -58.7785 0
-80.9017 -58.7785 0
-80.9017 -58.7785 0
-80.9017 -58.7785 0
-80.9017 -58.7785 0
-80.9017 -58.7785 0
-80.9017 -58.7785 0
-80.9017 -58.7785 0
-80.9017 -58.7785 0
-80.9017 -58.7785 0
-80.9017 -58.7785 0
-80.9017 -58.7785 0
-80.9017 -58.7785 0
-80.9017 -58.7785 0
-80.9017 -58.7785 0
-80.9017 -58.7785 0
-80.9017 -58.7785 0
-80.9017 -58.7785 0
-80.9017 -58.7785 0
-80.9017 -58.7785 0
-80.9017 -58.7785 0
-80.9017 -58.7785 0
-80.9017 -58.7785 0
-80.9017 -58.7785 0
-80.9017 -58.7785 0
-80.9017 -58.7785 0
-80.9017 -58.7785 0
-80.9017 -58.7785 0
-80.9017 -58.7785 0
-80.9017 -58.7785 0
-80.9017 -58.7785 0
-80.9017 -58.7785 0
-80.9017 -58.7785 0
-66.9131 -74.3145 0
-66.9131 -74.3145 0
-66.9131 -74.3145 0
-66.9131 -74.3145 0
-66.9131 -74.3145 0
-66.9131 -74.3145 0
-66.9131 -74.3145 0
-66.9131 -74.3145 0
-66.9131 -74.3145 0
-66.9131 -74.3145 0
-66.9131 -74.3145 0
-66.9131 -74.3145 0
-66.9131 -74.3145 0
-66.9131 -74.3145 0
-66.9131 -74.3145 0
-66.9131 -74.3145 0
-66.9131 -74.3145 0
-66.9131 -74.3145 0
-66.9131 -74.3145 0
-66.9131 -74.3145 0
-66.9131 -74.3145 0
-66.9131 -74.3145 0
-66.9131 -74.3145 0
-66.9131 -74.3145 0
-66.9131 -74.3145 0
-66.9131 -74.3145 0
-66.9131 -74.3145 0
-66.9131 -74.3145 0
-66.9131 -74.3145 0
-66.9131 -74.3145 0
-66.9131 -74.3145 0
-66.9131 -74.3145 0
-66.9131 -74.3145 0
-50 -86.6025 0
-50 -86.6025 0
-50 -86.6025 0
-50 -86.6025 0
-50 -86.6025 0
-50 -86.6025 0
-50 -86.6025 0
-50 -86.6025 0
-50 -86.6025 0
-50 -86.6025 0
-50 -86.6025 0
-50 -86.6025 0
-50 -86.6025 0
-50 -86.6025 0
-50 -86.6025 0
-50 -86.6025 0
-50 -86.6025 0
-50 -86.6025 0
-50 -86.6025 0
-50 -86.6025 0
-50 -86.6025 0
-50 -86.6025 0
-50 -86.6025 0
-50 -86.6025 0
-50 -86.6025 0
-50 -86.6025 0
-50 -86.6025 0
-50 -86.6025 0
-50 -86.6025 0
-50 -86.6025 0
-50 -86.6025 0
-50 -86.6025 0
-50 -86.6025 0
-30.9017 -95.1057 0
-30.9017 -95.1057 0
-30.9017 -95.1057 0
-30.9017 -95.1057 0
-30.9017 -95.1057 0
-30.9017 -95.1057 0
-30.9017 -95.1057 0
-30.9017 -95.1057 0
-30.9017 -95.1057 0
-30.9017 -95.1057 0
-30.9017 -95.1057 0
-30.9017 -95.1057 0
-30.9017 -95.1057 0
-30.9017 -95.1057 0
-30.9017 -95.1057 0
-30.9017 -95.1057 0
-30.9017 -95.1057 0
-30.9017 -95.1057 0
-30.9017 -95.1057 0
-30.9017 -95.1057 0
-30.9017 -95.1057 0
-30.9017 -95.1057 0
-30.9017 -95.1057 0
-30.9017 -95.1057 0
-30.9017 -95.1057 0
-30.9017 -95.1057 0
-30.9017 -95.1057 0
-30.9017 -95.1057 0
-30.9017 -95.1057 0
-30.9017 -95.1057 0
-30.9017 -95.1057 0
-30.9017 -95.1057 0
-30.9017 -95.1057 0
-10.4528 -99.4522 0
-10.4528 -99.4522 0
-10.4528 -99.4522 0
-10.4528 -99.4522 0
-10.4528 -99.4522 0
-10.4528 -99.4522 0
-10.4528 -99.4522 0
-10.4528 -99.4522 0
-10.4528 -99.4522 0
-10.4528 -99.4522 0
-10.4528 -99.4522 0
-10.4528 -99.4522 0
-10.4528 -99.4522 0
-10.4528 -99.4522 0
-10.4528 -99.4522 0
-10.4528 -99.4522 0
-10.4528 -99.4522 0
-10.4528 -99.4522 0
-10.4528 -99.4522 0
-10.4528 -99.4522 0
-10.4528 -99.4522 0
-10.4528 -99.4522 0
-10.4528 -99.4522 0
-10.4528 -99.4522 0
-10.4528 -99.4522 0
-10.4528 -99.4522 0
-10.4528 -99.4522 0
-10.4528 -99.4522 0
-10.4528 -99.4522 0
-10.4528 -99.4522 0
-10.4528 -99.4522 0
-10.4528 -99.4522 0
-10.4528 -99.4522 0
10.4528 -99.4522 0
10.4528 -99.4522 0
10.4528 -99.4522 0
10.4528 -99.4522 0
10.4528 -99.4522 0
10.4528 -99.4522 0
10.4528 -99.4522 0
10.4528 -99.4522 0
10.4528 -99.4522 0
10.4528 -99.4522 0
10.4528 -99.4522 0
10.4528 -99.4522 0
10.4528 -99.4522 0
10.4528 -99.4522 0
10.4528 -99.4522 0
10.4528 -99.4522 0
10.4528 -99.4522 0
10.4528 -99.4522 0
10.4528 -99.4522 0
10.4528 -99.4522 0
10.4528 -99.4522 0
10.4528 -99.4522 0
10.4528 -99.4522 0
10.4528 -99.4522 0
10.4528 -99.4522 0
10.4528 -99.4522 0
10.4528 -99.4522 0
10.4528 -99.4522 0
10.4528 -99.4522 0
10.4528 -99.4522 0
10.4528 -99.4522 0
10.4528 -99.4522 0
10.4528 -99.4522 0
30.9017 -95.1057 0
30.9017 -95.1057 0
30.9017 -95.1057 0
30.9017 -95.1057 0
30.9017 -95.1057 0
30.9017 -95.1057 0
30.9017 -95.1057 0
30.9017 -95.1057 0
30.9017 -95.1057 0
30.9017 -95.1057 0
30.9017 -95.1057 0
30.9017 -95.1057 0
30.9017 -95.1057 0
30.9017 -95.1057 0
30.9017 -95.1057 0
30.9017 -95.1057 0
30.9017 -95.1057 0
30.9017 -95.1057 0
30.9017 -95.1057 0
30.9017 -95.1057 0
30.9017 -95.1057 0
30.9017 -95.1057 0
30.9017 -95.1057 0
30.9017 -95.1057 0
30.9017 -95.1057 0
30.9017 -95.1057 0
30.9017 -95.1057 0
30.9017 -95.1057 0
30.9017 -95.1057 0
30.9017 -95.1057 0
30.9017 -95.1057 0
30.9017 -95.1057 0
30.9017 -95.1057 0
50 -86.6025 0
50 -86.6025 0
50 -86.6025 0
50 -86.6025 0
50 -86.6025 0
50 -86.6025 0
50 -86.6025 0
50 -86.6025 0
50 -86.6025 0
50 -86.6025 0
50 -86.6025 0
50 -86.6025 0
50 -86.6025 0
50 -86.6025 0
50 -86.6025 0
50 -86.6025 0
50 -86.6025 0
50 -86.6025 0
50 -86.6025 0
50 -86.6025 0
50 -86.6025 0
50 -86.6025 0
50 -86.6025 0
50 -86.6025 0
50 -86.6025 0
50 -86.6025 0
50 -86.6025 0
50 -86.6025 0
50 -86.6025 0
50 -86.6025 0
50 -86.6025 0
50 -86.6025 0
50 -86.6025 0
66.9131 -74.3145 0
66.9131 -74.3145 0
66.9131 -74.3145 0
66.9131 -74.3145 0
66.9131 -74.3145 0
66.9131 -74.3145 0
66.9131 -74.3145 0
66.9131 -74.3145 0
66.9131 -74.3145 0
66.9131 -74.3145 0
66.9131 -74.3145 0
66.9131 -74.3145 0
66.9131 -74.3145 0
66.9131 -74.3145 0
66.9131 -74.3145 0
66.9131 -74.3145 0
66.9131 -74.3145 0
66.9131 -74.3145 0
66.9131 -74.3145 0
66.9131 -74.3145 0
66.9131 -74.3145 0
66.9131 -74.3145 0
66.9131 -74.3145 0
66.9131 -74.3145 0
66.9131 -74.3145 0
66.9131 -74.3145 0
66.9131 -74.3145 0
66.9131 -74.3145 0
66.9131 -74.3145 0
66.9131 -74.3145 0
66.9131 -74.3145 0
66.9131 -74.3145 0
66.9131 -74.3145 0
80.9017 -58.7785 0
80.9017 -58.7785 0
80.9017 -58.7785 0
80.9017 -58.7785 0
80.9017 -58.7785 0
80.9017 -58.7785 0
80.9017 -58.7785 0
80.9017 -58.7785 0
80.9017 -58.7785 0
80.9017 -58.7785 0
80.9017 -58.7785 0
80.9017 -58.7785 0
80.9017 -58.7785 0
80.9017 -58.7785 0
80.9017 -58.7785 0
80.9017 -58.7785 0
80.9017 -58.7785 0
80.9017 -58.7785 0
80.9017 -58.7785 0
80.9017 -58.7785 0
80.9017 -58.7785 0
80.9017 -58.7785 0
80.9017 -58.7785 0
80.9017 -58.7785 0
80.9017 -58.7785 0
80.9017 -58.7785 0
80.9017 -58.7785 0
80.9017 -58.7785 0
80.9017 -58.7785 0
80.9017 -58.7785 0
80.9017 -58.7785 0
80.9017 -58.7785 0
80.9017 -58.7785 0
91.3545 -40.6737 0
91.3545 -40.6737 0
91.3545 -40.6737 0
91.3545 -40.6737 0
91.3545 -40.6737 0
91.3545 -40.6737 0
91.3545 -40.6737 0
91.3545 -40.6737 0
91.3545 -40.6737 0
91.3545 -40.6737 0
91.3545 -40.6737 0
91.3545 -40.6737 0
91.3545 -40.6737 0
91.3545 -40.6737 0
91.3545 -40.6737 0
91.3545 -40.6737 0
91.3545 -40.6737 0
91.3545 -40.6737 0
91.3545 -40.6737 0
91.3545 -40.6737 0
91.3545 -40.6737 0
91.3545 -40.6737 0
91.3545 -40.6737 0
91.3545 -40.6737 0
91.3545 -40.6737 0
91.3545 -40.6737 0
91.3545 -40.6737 0
91.3545 -40.6737 0
91.3545 -40.6737 0
91.3545 -40.6737 0
91.3545 -40.6737 0
91.3545 -40.6737 0
91.3545 -40.6737 0
97.8148 -20.7912 0
97.8148 -20.7912 0
97.8148 -20.7912 0
97.8148 -20.7912 0
97.8148 -20.7912 0
97.8148 -20.7912 0
97.8148 -20.7912 0
97.8148 -20.7912 0
97.8148 -20.7912 0
97.8148 -20.7912 0
97.8148 -20.7912 0
97.8148 -20.7912 0
97.8148 -20.7912 0
97.8148 -20.7912 0
97.8148 -20.7912 0
97.8148 -20.7912 0
97.8148 -20.7912 0
97.8148 -20.7912 0
97.8148 -20.7912 0
97.8148 -20.7912 0
97.8148 -20.7912 0
97.8148 -20.7912 0
97.8148 -20.7912 0
97.8148 -20.7912 0
97.8148 -20.7912 0
97.8148 -20.7912 0
97.8148 -20.7912 0
97.8148 -20.7912 0
97.8148 -20.7912 0
97.8148 -20.7912 0
97.8148 -20.7912 0
97.8148 -20.7912 0
97.8148 -20.7912 0