-236.512 -403.574 -646.104
-99.1333 461.622 -642.914
388.437 -275.919 -639.723
-477.024 -59.4584 -636.532
314.298 369.264 -633.341
17.8253 -488.726 -630.151
-346.141 351.238 -626.96
496.516 -25.382 -623.77
-386.325 -319.21 -620.579
69.7825 500.222 -617.389
288.632 -419.181 -614.198
-499.712 114.972 -611.007
449.425 254.631 -607.816
-160.534 -494.891 -604.626
-217.445 476.712 -601.435
485.702 -206.051 -598.245
-500.717 -177.353 -595.054
251.087 472.138 -591.863
134.66 -521.144 -588.673
-454.236 295.197 -585.482
537.724 89.7208 -582.291
-337.989 -432.049 -579.101
-42.8925 550.226 -575.91
405.714 -379.011 -572.719
-558.451 5.43707 -569.529
417.869 375.376 -566.338
-54.8614 -562.242 -563.148
-341.229 454.171 -559.957
561.473 -104.976 -556.766
-487.543 -303.507 -553.576
155.313 556.071 -550.385
262.474 -517.635 -547.195
-545.995 205.45 -544.004
544.122 218.434 -540.813
-254.941 -531.251 -537.623
-171.719 566.706 -534.432
511.885 -303.344 -531.241
-585.128 -122.671 -528.051
350.218 487.985 -524.86
71.7109 -599.149 -521.67
-459.684 395.134 -518.479
608.579 19.2309 -515.288
-437.672 -427.154 -512.097
34.3441 613.266 -508.907
390.59 -477.443 -505.716
-613.093 88.573 -502.526
514.038 350.271 -499.335
-143.004 -607.99 -496.144
-306.47 547.114 -492.954
597.924 -197.179 -489.763
-576.338 -259.505 -486.572
250.653 582.903 -483.382
209.729 -601.408 -480.191
-562.996 302.931 -477
622.055 157.519 -473.81
-353.575 -538.296 -470.619
-103.28 638.047 -467.429
508.946 -402.141 -464.238
-649.19 -47.419 -461.047
448.195 475.13 -457.857
-9.58072 -655.323 -454.666
-437.057 491.337 -451.475
656.335 -67.2799 -448.285
-531.131 -395.034 -445.094
125.209 652.154 -441.903
349.299 -567.258 -438.713
-642.754 182.891 -435.522
599.332 300.252 -432.331
-239.869 -628.141 -429.141
-248.189 627.08 -425.95
608.402 -295.606 -422.759
-650.199 -193.557 -419.569
349.707 583.605 -416.378
136.757 -668.457 -413.188
-553.94 401.639 -409.997
681.653 78.212 -406.807
-451.024 -519.55 -403.616
-18.4425 689.623 -400.425
480.707 -497.38 -397.234
-692.252 42.1594 -394.044
540.317 437.667 -390.853
-103.024 -689.467 -387.661
-390.723 579.463 -384.472
681.229 -163.745 -381.282
-614.44 -340.252 -378.09
223.764 667.563 -374.9
286.634 -644.93 -371.709
-648.518 282.628 -368.519
670.669 230.216 -365.329
-339.793 -624.226 -362.138
-171.464 691.389 -358.946
594.798 -394.859 -355.756
-706.868 -110.881 -352.566
447.289 560.473 -349.375
48.8507 -716.959 -346.184
-521.435 496.71 -342.994
721.525 -14.0508 -339.802
-542.663 -477.986 -336.612
77.4126 720.484 -333.423
430.475 -584.722 -330.231
-713.81 140.641 -327.041
622.577 379.183 -323.85
-203.316 -701.499 -320.66
-324.567 655.844 -317.468
683.613 -264.884 -314.279
-684.264 -266.963 -311.086
324.804 660.275 -307.897
206.893 -707.538 -304.706
-631.596 382.669 -301.515
725.475 144.736 -298.325
-437.921 -597.814 -295.134
-81.0148 737.879 -291.944
559.114 -490.177 -288.753
-744.614 -16.275 -285.563
538.93 515.83 -282.371
-49.0636 -745.594 -279.182
-468.215 583.836 -275.99
740.78 -114.393 -272.8
-624.451 -416.692 -269.609
179.284 730.164 -266.419
361.571 -660.484 -263.227
-713.814 243.126 -260.037
691.588 303.31 -256.847
-305.496 -691.803 -253.656
-242.397 717.476 -250.465
664.309 -365.801 -247.274
-737.948 -179.214 -244.083
423.638 631.476 -240.893
114.344 -752.784 -237.703
-593.56 478.488 -234.512
761.859 48.1969 -231.321
-529.87 -550.868 -228.131
18.6129 765.06 -224.94
503.653 -577.427 -221.749
-762.336 85.6531 -218.558
620.702 452.335 -215.368
-152.347 -753.679 -212.178
-397.229 659.389 -208.987
739.143 -218.119 -205.796
-693.112 -338.832 -202.605
282.536 718.796 -199.415
277.514 -721.625 -196.225
-692.806 344.992 -193.033
744.659 213.782 -189.843
-405.075 -661.314 -186.653
-148.182 762 -183.462
624.597 -462.214 -180.271
-773.512 -81.1301 -177.08
516.028 582.87 -173.89
13.2461 -779.068 -170.699
-536.472 566.038 -167.509
778.609 -55.032 -164.319
-611.808 -485.788 -161.127
123.072 772.12 -157.937
431.133 -653.023 -154.746
-759.624 190.43 -151.555
689.287 373.004 -148.364
-256.525 -741.202 -145.174
-311.764 720.35 -141.983
717.002 -320.789 -138.792
-745.909 -247.977 -135.603
382.8 687.162 -132.412
182.043 -765.783 -129.22
-651.949 441.973 -126.03
779.779 114.526 -122.839
-497.923 -611.57 -119.649
-45.9994 787.77 -116.458
566.393 -550.119 -113.268
-789.69 23.0952 -110.077
598.215 516.695 -106.887
-92.1669 -785.502 -103.696
-462.889 641.789 -100.505
775.236 -160.624 -97.3143
-680.459 -405.434 -94.1234
227.975 758.959 -90.9326
344.737 -713.946 -87.7429
-736.77 293.737 -84.552
742.012 281.175 -81.3612
-357.337 -708.844 -78.1705
-215.426 764.35 -74.9801
675.417 -418.234 -71.7894
-780.818 -147.912 -68.5989
475.989 636.724 -65.4085
79.1136 -791.284 -62.2173
-593 530.214 -59.0267
795.645 9.61761 -55.8361
-580.336 -544.701 -52.6455
59.9827 793.862 -49.4548
492.145 -626.03 -46.2641
-785.949 129.19 -43.0737
666.958 435.703 -39.883
-197.554 -771.937 -36.6925
-375.846 702.765 -33.5017
751.973 -264.346 -30.3111
-733.145 -313.087 -27.1204
329.14 726.192 -23.9297
247.879 -757.883 -20.7391
-694.771 391.467 -17.5486
776.804 180.636 -14.3579
-450.79 -657.97 -11.1672
-112.073 789.707 -7.97654
616.108 -506.606 -4.78593
-796.518 -42.633 -1.5953
558.519 569.486 1.5953
-27.1866 -797.182 4.78601
-518.398 606.185 7.9766
791.687 -96.7889 11.1672
-649.095 -463.389 14.3579
165.581 780.087 17.5484
404.82 -686.987 20.7391
-762.474 233.071 23.9298
719.584 343.109 27.1205
-298.822 -738.95 30.3111
-278.781 746.605 33.5018
709.771 -362.132 36.6922
-767.829 -212.389 39.8828
422.648 675.11 43.0738
144.413 -783.112 46.2642
-635.298 479.804 49.4549
792.351 75.2905 52.6456
-533.205 -590.623 55.8362
-5.75492 795.452 59.0266
541.373 -582.499 62.2174
-792.414 63.7421 65.4079
627.167 488.074 68.5984
-132.655 -783.268 71.7894
-431.084 666.937 74.98
768.071 -200.54 78.1711
-701.547 -370.773 81.3616
266.675 746.991 84.5516
307.781 -730.639 87.7425
-720.187 330.639 90.9328
754.044 242.528 94.1233
-392.021 -687.83 97.3145
-175.531 771.588 100.505
650.273 -450.169 103.696
-783.16 -107.22 106.887
504.724 607.781 110.077
38.3263 -788.646 113.267
-560.697 555.263 116.458
788.037 -30.7037 119.649
-601.462 -509.328 122.839
99.423 781.34 126.03
454.227 -642.838 129.22
-768.638 167.102 132.412
679.146 395.77 135.602
-233.308 -750.043 138.793
-334.339 710.154 141.983
725.717 -297.524 145.174
-735.547 -270.591 148.364
359.337 695.822 151.555
204.954 -755.188 154.746
-660.691 418.095 157.937
768.957 137.852 161.127
-473.436 -620.579 164.318
-70.0041 776.725 167.508
575.755 -525.004 170.699
-778.473 -1.8544 173.89
572.262 526.706 177.08
-66.0604 -774.209 180.271
-473.777 614.929 183.462
763.972 -133.3 186.652
-652.687 -417.397 189.843
199.152 747.889 193.033
357.941 -685.299 196.224
-726.101 263.196 199.415
712.436 296.052 202.606
-325.023 -698.762 205.796
-232.145 733.958 208.987
666.184 -383.979 212.177
-749.738 -166.642 215.369
439.702 628.613 218.559
100.246 -759.63 221.75
-586.368 491.768 224.94
763.611 33.3963 228.13
-539.849 -539.736 231.321
33.3791 761.677 234.511
489.232 -583.447 237.702
-753.858 99.6463 240.894
622.366 435.137 244.084
-164.7 -740.264 247.274
-378.045 656.208 250.465
721.026 -228.124 253.655
-684.795 -318.349 256.846
289.429 696.328 260.036
256.539 -707.926 263.229
-666.35 348.223 266.419
725.452 193.109 269.609
-403.889 -631.439 272.8
-128.574 737.264 275.991
591.863 -456.089 279.181
-743.304 -63.4487 282.372
504.498 547.902 285.562
-1.92772 -743.558 288.753
-500.048 548.618 291.944
738.046 -66.6745 295.133
-588.198 -448.65 298.325
130.463 726.862 301.516
394.137 -622.953 304.706
-710.135 192.793 307.896
652.682 336.885 311.087
-253.182 -688.032 314.279
-277.52 677.095 317.468
660.77 -311.162 320.66
-696.082 -216.454 323.85
366.442 628.511 327.04
154.101 -709.55 330.232
-591.713 418.29 333.422
717.39 91.1323 336.612
-466.48 -550.628 339.803
-27.9739 719.607 342.994
505.617 -510.655 346.184
-716.228 34.8704 349.375
550.496 457.07 352.565
-96.9883 -707.313 355.757
-405.403 585.718 358.947
692.996 -157.716 362.137
-616.081 -351.056 365.328
216.667 673.432 368.518
294.33 -641.454 371.709
-648.79 273.464 374.9
661.521 236.005 378.091
-327.51 -619.373 381.281
-176.415 676.255 384.471
585.434 -378.478 387.663
-685.585 -116.05 390.853
425.988 547.288 394.044
55.4015 -689.49 397.235
-505.225 469.753 400.425
687.99 -5.03826 403.615
-509.329 -459.732 406.806
64.7847 681.15 409.998
411.159 -544.504 413.188
-669.052 123.525 416.378
575.086 359.859 419.569
-180.468 -651.894 422.759
-306.413 600.781 425.95
629.853 -235.337 429.141
-621.484 -251.212 432.331
287.708 603.163 435.522
194.723 -637.083 438.712
-572.092 337.184 441.903
647.525 137.343 445.094
-383.396 -536.944 448.285
-79.7036 652.747 451.475
498.056 -426.005 454.666
-652.79 -22.2045 457.857
464.818 455.675 461.047
-34.7654 -647.715 464.238
-410.411 499.333 467.428
637.63 -90.5875 470.619
-529.442 -362.569 473.809
144.896 622.685 477.001
312.577 -554.953 480.191
-603.068 197.262 483.382
575.718 260.878 486.572
-247.351 -578.973 489.763
-207.921 591.63 492.954
550.719 -294.635 496.144
-602.626 -154.167 499.335
338.834 518.575 502.526
99.9243 -608.709 505.716
-482.821 379.681 508.907
609.841 45.9494 512.097
-416.765 -443.898 515.288
7.45428 606.123 518.479
402.141 -449.894 521.669
-597.663 59.8455 524.86
478.85 357.947 528.051
-110.797 -584.609 531.241
-311.67 503.493 534.432
567.146 -159.9 537.623
-523.604 -263.857 540.813
206.765 545.499 544.004
214.886 -539.132 547.194
-519.863 251.156 550.385
550.042 165.132 553.576
-292.477 -490.642 556.766
-115.171 556.277 559.957
458.104 -330.555 563.147
-557.896 -65.3761 566.338
365.117 422.596 569.529
16.1815 -554.97 572.719
-384.485 395.929 575.91
547.609 -32.058 579.101
-422.79 -344.16 582.292
78.7997 535.968 585.482
302.026 -445.54 588.673
-520.226 123.786 591.863
464.122 258.384 595.054
-166.519 -500.635 598.245
-213.882 478.321 601.435
477.445 -206.722 604.626
-488.173 -168.839 607.817
244.081 450.949 611.007
123.683 -493.684 614.198
-421.467 278.312 617.388
494.9 78.8397 620.579
-309.165 -389.344 623.77
-34.7244 491.91 626.96
354.907 -336.469 630.151
-484.841 8.2568 633.342
359.995 318.576 636.532
-49.8297 -473.848 639.723
-280.802 379.57 642.913
459.151 -89.3884 646.104
459.151 -89.3884 646.104