-29.6507 -50.5948 0
-12.428 57.8721 0
48.6972 -34.5911 0
-59.803 -7.45411 0
39.4025 46.2935 0
2.2347 -61.27 0
-43.3945 44.0336 0
62.2466 -3.18205 0
-48.4324 -40.0183 0
8.74841 62.7113 0
36.1849 -52.5514 0
-62.6473 14.4137 0
56.343 31.9222 0
-20.1257 -62.0429 0
-27.2603 59.7638 0
60.8909 -25.832 0
-62.7733 -22.2342 0
31.4779 59.1904 0
16.882 -65.3342 0
-56.9461 37.0079 0
67.4128 11.248 0
-42.3726 -54.1646 0
-5.37729 68.98 0
50.863 -47.5154 0
-70.0112 0.681628 0
52.3869 47.0597 0
-6.8778 -70.4864 0
-42.7788 56.938 0
70.3901 -13.1605 0
-61.1217 -38.0496 0
19.4711 69.7128 0
32.9056 -64.8942 0
-68.4497 25.7566 0
68.2148 27.3844 0
-31.9611 -66.6012 0
-21.5278 71.0461 0
64.1733 -38.0293 0
-73.3556 -15.3788 0
43.9058 61.1772 0
8.99016 -75.1133 0
-57.6291 49.5367 0
76.2956 2.41092 0
-54.8695 -53.5509 0
4.30561 76.8831 0
48.967 -59.8554 0
-76.8615 11.1041 0
64.4433 43.9124 0
-17.9279 -76.2217 0
-38.4212 68.5899 0
74.9599 -24.7196 0
-72.2536 -32.5333 0
31.4235 73.0767 0
26.293 -75.3965 0
-70.581 37.9775 0
77.9851 19.7476 0
-44.3266 -67.4845 0
-12.9479 79.9899 0
63.805 -50.4151 0
-81.3869 -5.94477 0
56.1888 59.5655 0
-1.2011 -82.1557 0
-54.7924 61.5973 0
82.2825 -8.43466 0
-66.5862 -49.5241 0
15.697 81.7584 0
43.7905 -71.1153 0
-80.5799 22.9285 0
75.1363 37.6417 0
-30.0715 -78.7481 0
-31.1146 78.615 0
76.2733 -37.0591 0
-81.5133 -24.2656 0
43.8417 73.1646 0
17.1448 -83.8022 0
-69.4456 50.3522 0
85.4567 9.80519 0
-56.5434 -65.1344 0
-2.31208 86.4558 0
60.2646 -62.3549 0
-86.7854 5.28539 0
67.7378 54.8689 0
-12.9158 -86.4363 0
-48.9837 72.6455 0
85.4035 -20.5282 0
-77.0304 -42.6563 0
28.0525 83.6902 0
35.9343 -80.8527 0
-81.3027 35.4322 0
84.0796 28.8614 0
-42.5988 -78.2571 0
-21.4959 86.6772 0
74.5679 -49.5022 0
-88.6178 -13.9008 0
56.0752 70.2647 0
6.12425 -89.8829 0
-65.3707 62.271 0
90.4552 -1.7615 0
-68.0319 -59.9235 0
9.70497 90.3247 0
53.9672 -73.3047 0
-89.4881 17.6317 0
78.0505 47.5369 0
-25.489 -87.9446 0
-40.6899 82.2211 0
85.7023 -33.2076 0
-85.7839 -33.4683 0
40.7197 82.7765 0
25.9375 -88.7018 0
-79.1812 47.9739 0
90.9505 18.1451 0
-54.9007 -74.946 0
-10.1566 92.5056 0
70.0944 -61.4519 0
-93.3498 -2.04035 0
67.564 64.668 0
-6.15094 -93.4728 0
-58.6987 73.1936 0
92.8692 -14.3411 0
-78.2855 -52.2393 0
22.4762 91.5383 0
45.329 -82.8027 0
-89.4886 30.48 0
86.7021 38.025 0
-38.2991 -86.7291 0
-30.3885 89.9476 0
83.2822 -45.8593 0
-92.5141 -22.4675 0
53.1101 79.1662 0
14.3349 -94.3741 0
-74.4128 59.9865 0
95.5118 6.04229 0
-66.4281 -69.0605 0
2.33344 95.9131 0
63.1413 -72.3902 0
-95.5716 10.738 0
77.8154 56.7077 0
-19.0993 -94.4863 0
-49.7993 82.6655 0
92.664 -27.3449 0
-86.8933 -42.4783 0
35.4206 90.1132 0
34.791 -90.4678 0
-86.8548 43.2505 0
93.3555 26.8012 0
-50.783 -82.9067 0
-18.577 95.5295 0
78.3037 -57.9463 0
-96.9727 -10.171 0
64.6928 73.0726 0
1.66062 -97.6693 0
-67.2558 70.9624 0
97.6117 -6.89918 0
-76.7004 -60.9016 0
15.4292 96.7982 0
54.0498 -81.8673 0
-95.2316 23.8736 0
86.4137 46.7623 0
-32.1597 -92.9221 0
-39.0849 90.308 0
89.8882 -40.2162 0
-93.5122 -31.088 0
47.9904 86.1473 0
22.8222 -96.0037 0
-81.7327 55.4087 0
97.7584 14.3578 0
-62.423 -76.6705 0
-5.76679 98.7602 0
71.0068 -68.9666 0
-99.0009 2.89537 0
74.9963 64.7764 0
-11.5547 -98.4758 0
-58.0309 80.459 0
97.1888 -20.1369 0
-85.307 -50.8279 0
28.5805 95.1483 0
43.2185 -89.5051 0
-92.3665 36.8248 0
93.0237 35.25 0
-44.7982 -88.8655 0
-27.0073 95.824 0
84.6748 -52.4326 0
-97.8886 -18.5433 0
59.6732 79.824 0
9.91822 -99.2008 0
-74.3425 66.4713 0
99.7474 1.20573 0
-72.7548 -68.2875 0
7.51983 99.5239 0
61.6986 -78.4834 0
-98.5319 16.1961 0
83.6144 54.6226 0
-24.7667 -96.7753 0
-47.1186 88.1034 0
94.2724 -33.1402 0
-91.912 -39.2508 0
41.2632 91.0404 0
31.0758 -95.0133 0
-87.1012 49.0769 0
97.3855 22.6458 0
-56.5141 -82.4876 0
-14.0502 99.003 0
77.2394 -63.5115 0
-99.8569 -5.34477 0
70.0197 71.3947 0
-3.4083 -99.9401 0
-64.9899 75.9955 0
99.2512 -12.1341 0
-81.375 -58.0936 0
20.7583 97.797 0
50.7509 -86.1254 0
-95.5889 29.2194 0
90.2119 43.0145 0
-37.4623 -92.6398 0
-34.9499 93.5995 0
88.9817 -45.3993 0
-96.2602 -26.6265 0
52.986 84.6364 0
18.1047 -98.1763 0
-79.6452 60.1514 0
99.3345 9.43893 0
-66.8462 -74.0445 0
-0.721476 99.7232 0
67.8702 -73.026 0
-99.3423 7.99115 0
78.626 61.1882 0
-16.6306 -98.1958 0
-54.0436 83.6118 0
96.2906 -25.1411 0
-87.9507 -46.4827 0
33.4322 93.6479 0
38.5855 -91.5978 0
-90.2876 41.4512 0
94.532 30.405 0
-49.1464 -86.231 0
-22.0058 96.7315 0
81.5227 -56.4363 0
-98.1823 -13.4419 0
63.2756 76.1955 0
4.80485 -98.87 0
-70.2928 69.6115 0
98.7936 -3.84923 0
-75.4033 -63.8528 0
12.4643 97.9541 0
56.945 -80.5905 0
-96.3617 20.9491 0
85.1423 49.6165 0
-29.2491 -94.0305 0
-41.915 89.0297 0
90.9808 -37.2996 0
-92.2132 -33.9231 0
45.0489 87.233 0
25.6944 -94.6754 0
-82.8287 52.4153 0
96.4017 17.282 0
-59.3531 -77.8 0
-8.77619 97.3755 0
72.1805 -65.8181 0
-97.5946 -0.232481 0
71.7427 66.0315 0
-8.28179 -97.06 0
-59.3959 77.0917 0
95.7767 -16.7114 0
-81.8253 -52.3277 0
24.967 93.7604 0
44.8739 -85.9137 0
-91.0289 32.996 0
89.3158 37.115 0
-40.7471 -87.6016 0
-29.1032 92.0139 0
83.5174 -48.1382 0
-93.9923 -20.8914 0
55.1241 78.8072 0
12.5676 -95.2324 0
-73.511 61.6514 0
95.7315 4.18678 0
-67.6791 -67.6649 0
4.18463 95.4889 0
61.3334 -73.1449 0
-94.5087 12.4923 0
78.024 54.5518 0
-20.6479 -92.8045 0
-47.3943 82.2667 0
90.3928 -28.5992 0
-85.8506 -39.9104 0
36.2848 87.2964 0
32.1614 -88.7504 0
-83.5382 43.6556 0
90.9476 24.2094 0
-50.6342 -79.1614 0
-16.1188 92.4285 0
74.1999 -57.1784 0
-93.1856 -7.95436 0
63.2473 68.6887 0
-0.241672 -93.2175 0
-62.6894 68.7784 0
92.5264 -8.35877 0
-73.7404 -56.2458 0
16.3557 91.1243 0
49.4117 -78.0976 0
-89.0274 24.1698 0
81.8247 42.2342 0
-31.7407 -86.2564 0
-34.7917 84.8852 0
82.8386 -39.0093 0
-87.2655 -27.1362 0
45.9396 78.7944 0
19.3191 -88.954 0
-74.1811 52.4397 0
89.9368 11.425 0
-58.4811 -69.0305 0
-3.507 90.2148 0
63.3875 -64.0192 0
-89.7912 4.37159 0
69.0139 57.3014 0
-12.1591 -88.6735 0
-50.8241 73.4296 0
86.8786 -19.7723 0
-77.2361 -44.0108 0
27.1629 84.426 0
36.8992 -80.417 0
-81.3367 34.2833 0
82.9327 29.5872 0
-41.0588 -77.6488 0
-22.1166 84.7798 0
73.394 -47.4485 0
-85.9496 -14.5488 0
53.4048 68.6117 0
6.94551 -86.4391 0
-63.3385 58.8914 0
86.2511 -0.631631 0
-63.8529 -57.6351 0
8.12184 85.3936 0
51.5456 -68.2628 0
-83.877 15.486 0
72.0967 45.1143 0
-22.6247 -81.7259 0
-38.414 75.318 0
78.9627 -29.5035 0
-77.9135 -31.4936 0
36.069 75.6166 0
24.4118 -79.8691 0
-71.7213 42.2717 0
81.1781 17.2182 0
-48.0651 -67.315 0
-9.99218 81.8327 0
62.4396 -53.4069 0
-81.8382 -2.78371 0
58.2728 57.1265 0
-4.35843 -81.202 0
-51.452 62.5998 0
79.9377 -11.3567 0
-66.3744 -45.4542 0
18.1651 78.064 0
39.1868 -69.5727 0
-75.6046 24.7302 0
72.1759 32.7054 0
-31.0096 -72.584 0
-26.0664 74.1708 0
69.0419 -36.9375 0
-75.5493 -19.3274 0
42.4785 65.0121 0
12.5272 -76.3119 0
-60.5298 47.5994 0
76.4538 5.76053 0
-52.2485 -55.65 0
0.934519 75.9876 0
50.4151 -56.4018 0
-74.9271 7.50264 0
60.0319 44.8746 0
-13.8903 -73.2905 0
-39.073 63.1213 0
71.1013 -20.0461 0
-65.6426 -33.0789 0
25.9214 68.3874 0
26.9396 -67.5892 0
-65.1735 31.4867 0
68.957 20.702 0
-36.6669 -61.5102 0
-14.4386 69.7387 0
57.431 -41.4406 0
-69.9416 -8.19599 0
45.7735 52.9794 0
2.02862 -69.5748 0
-48.2016 49.6363 0
68.6519 -4.01901 0
-53.0038 -43.1463 0
9.87887 67.1926 0
37.864 -55.8559 0
-65.2191 15.5186 0
58.1854 32.3928 0
-20.8759 -62.763 0
-26.8137 59.9655 0
59.8558 -25.916 0
-61.2007 -21.1668 0
30.5996 56.5341 0
15.5057 -61.8916 0
-52.838 34.8911 0
62.0441 9.88388 0
-38.7591 -48.8109 0
-4.35328 61.6692 0
44.4935 -42.1821 0
-60.7829 1.03513 0
45.1314 39.9389 0
-6.24699 -59.4048 0
-35.2032 47.5855 0
57.5623 -11.2063 0
57.5623 -11.2063 0