5.58677 -5.73493 8.59371 1
7.35883 1.01459 8.81257 1
-7.7678 3.44252 -7.85309 1
9.78214 -0.302147 -6.75981 1
-7.5748 -9.89135 1.69656 1
6.60545 -1.93875 -9.3826 1
-4.38502 -7.66383 7.36578 1
-2.47321 11.0245 5.26196 1
9.86644 6.04926 -4.92035 1
8.53535 -2.41945 -7.74814 1
1.41411 12.286 -1.98772 1
13.9565 0.239334 0.476793 1
5.12549 11.3524 2.44311 1
-10.1512 5.75844 3.3034 1
7.8393 6.70111 -6.27437 1
-7.80316 0.286388 8.68783 1
9.72149 6.93676 -3.38746 1
0.17314 -7.71907 8.91644 1
5.78811 -6.3465 -7.82241 1
-8.964 -6.1423 -5.37646 1
-4.965 4.92722 9.55902 1
-8.04952 -9.07054 2.42587 1
-10.2351 0.353898 5.5095 1
-1.73238 -10.2621 5.53807 1
10.1041 0.462048 -6.60876 1
-9.61855 -4.83112 -5.62603 1
-8.07637 -0.578565 8.42348 1
-9.85635 8.34277 -2.59824 1
-8.60236 -6.21853 -5.59443 1
-13.3246 0.958241 1.2024 1
-13.0571 -3.78201 1.38265 1
10.0994 5.52265 -5.30247 1
-6.25458 4.24832 -8.50566 1
-7.71284 1.83842 -8.49364 1
-9.46513 7.77443 -3.57067 1
-7.02882 -4.24847 8.18881 1
-9.50194 2.55444 5.79219 1
10.7741 -6.04018 -2.49294 1
-11.714 -3.03291 3.6426 1
7.39281 0.371941 -9.2019 1
10.2521 7.91346 1.35609 1
-8.3816 3.68223 6.39298 1
-6.19998 4.72539 -8.32138 1
8.09208 -4.87758 -7.2108 1
-9.99533 8.15489 1.11884 1
-11.5693 -3.82666 -4.00815 1
10.7359 -0.916649 5.76948 1
2.1981 7.93706 -8.0589 1
10.2907 -5.56367 3.81923 1
4.0877 10.4597 4.29325 1
7.20559 -11.4692 -0.735489 1
-6.08705 -11.5071 -1.84797 1
-4.8513 -11.322 -3.6005 1
-11.9659 5.33845 -2.63691 1
4.49201 -6.72815 8.66974 1
11.3064 6.7127 1.90433 1
-10.1327 2.64842 5.13631 1
6.12671 10.7656 2.78916 1
1.80962 12.4853 -1.24944 1
-11.9677 -5.43176 2.13523 1
-12.5951 5.54653 -0.915792 1
1.77371 11.604 -3.34352 1
-6.8343 -4.18317 8.46344 1
-12.1394 4.59417 1.70988 1
3.78943 -5.7697 9.53472 1
3.65174 -12.849 1.19052 1
-8.54457 9.18125 2.537 1
-4.98513 -12.1796 -1.74601 1
5.17712 -10.5455 -4.31386 1
-8.16941 9.22179 -3.49601 1
8.96816 -4.53469 -6.5284 1
11.3508 -4.47856 3.48847 1
-6.15588 6.69511 6.96089 1
10.4193 2.21708 -5.99856 1
-2.54169 12.8401 2.7873 1
-5.89093 6.057 7.98205 1
8.74463 -9.59725 1.03536 1
-5.66561 -6.44497 7.50548 1
9.20566 4.4008 -6.79904 1
8.30361 9.54857 -1.81072 1
-2.38205 -10.8823 4.25052 1
-4.14295 12.9469 1.689 1
3.44009 -13.2806 -0.252126 1
-10.8201 1.23829 -5.30319 1
4.28703 -11.3293 -3.61218 1
5.5782 -11.8638 -2.43575 1
0.921198 12.5337 2.79942 1
-7.46024 4.10248 7.19223 1
8.80003 -9.12267 2.11461 1
-0.526752 -12.6442 -1.82297 1
-6.7236 12.5344 0.203559 1
-8.56399 3.63371 6.2113 1
-7.24568 12.0434 -0.719744 1
11.1146 6.68708 2.25976 1
5.74572 11.6844 1.15804 1
-13.4811 -4.66645 -0.239004 1
1.96591 -10.9371 -4.84153 1
-3.19253 8.63078 7.36325 1
-4.27882 -12.5273 -1.00956 1
-2.14769 9.93171 -6.15867 1
-5.91342 -6.3723 7.30968 1
-9.728 -3.15606 -6.18109 1
10.9804 -4.39751 4.20743 1
-6.40418 -5.65319 -7.76331 1
-8.55498 -2.69577 7.66291 1
-8.49013 10.2836 0.692401 1
-9.74367 8.93325 0.0433513 1
7.13369 9.85844 -2.34113 1
4.14114 -8.51558 7.05478 1
-0.467007 13.7344 0.70978 1
-9.3078 0.156863 -7.22484 1
7.27142 2.30869 8.41527 1
10.9055 5.07723 -4.74468 1
-6.91631 6.21457 -6.98201 1
11.6403 4.83138 -2.84352 1
-4.14981 7.49359 -8.44335 1
-7.74818 -8.8905 -4.25521 1
-8.39914 -2.9066 7.81799 1
-13.0018 -0.934045 1.77732 1
0.347864 9.01003 -7.26487 1
-6.97954 -9.81226 -3.98407 1
8.06924 5.29655 6.59705 1
9.25741 5.12687 -6.22346 1
-0.0938889 -10.5415 -5.80226 1
-0.309015 10.3729 -5.74381 1
5.77307 -12.6114 -0.525407 1
-8.16886 -8.105 -4.59103 1
12.8786 -2.3043 2.47836 1
-7.19405 -4.55685 7.81805 1
-5.04475 6.71565 8.31793 1
9.30016 6.47092 -4.94419 1
-7.10799 1.96567 -8.83866 1
-3.85901 10.0883 -5.54984 1
7.57064 -10.7856 -1.84331 1
7.3071 0.614422 8.96331 1
-9.42241 -8.26534 -3.31898 1
7.51241 3.85148 -8.50673 1
-3.83505 -7.4733 -7.91408 1
7.59822 -9.63037 -3.61653 1
8.38258 -4.51928 -7.13096 1
-6.4951 10.3323 -3.80687 1
1.26617 10.63 5.20378 1
-6.16736 11.4218 2.34778 1
-13.153 1.02445 1.72028 1
-9.57084 1.44874 -6.79218 1
-4.11641 -12.0331 1.75161 1
13.0057 4.30974 0.93992 1
-9.53133 -0.622948 -6.87409 1
8.91641 -9.19134 1.47386 1
7.28489 8.42169 4.69332 1
-12.2614 -4.16473 -3.10521 1
-5.44349 -12.1597 -0.0263717 1
-5.76349 -9.48316 -5.04216 1
-9.92272 -6.16856 4.00612 1
5.961 6.01046 -8.16301 1
-8.85139 2.09719 -7.4381 1
-5.90165 -5.98014 -7.87661 1
-13.0672 3.02213 -1.4667 1
-4.13349 10.1287 -5.36567 1
-5.30273 -11.5009 -3.05434 1
-10.8614 2.28232 4.60101 1
-0.894244 13.6609 0.245349 1
-1.36208 -12.9216 -0.0599234 1
-1.85478 -7.90539 8.5782 1
-4.12211 12.9276 -1.4496 1
8.59872 -9.70313 1.32862 1
-9.81676 1.24182 -6.51273 1
-9.34105 -8.48005 1.71706 1
10.5585 2.50278 -5.79021 1
3.05122 8.55617 -7.13106 1
8.36207 -5.18629 6.67723 1
2.9608 9.78645 5.39982 1
13.5481 2.20775 1.64856 1
-1.10699 6.86563 -9.22669 1
-7.45759 -10.8638 0.740285 1
11.7167 -1.3302 -4.2538 1
9.0871 -9.37781 -1.14389 1
6.93354 3.87558 -8.91836 1
-8.01237 7.82218 4.53289 1
1.00458 12.4878 -1.75046 1
-10.6544 -0.163781 -5.54451 1
12.7205 -2.28506 3.05505 1
2.65407 9.27743 -6.49935 1
-3.69958 10.6048 -5.07493 1
8.78871 6.7866 -5.13735 1
-9.12639 3.00916 -6.81286 1
-4.18662 -11.7049 -3.59758 1
-4.23489 -7.55587 7.53477 1
8.27415 -5.19233 6.80704 1
-0.582301 -9.37846 -7.26091 1
13.7594 3.36506 0.0538277 1
6.31479 7.39781 -6.47377 1
6.96927 1.86828 8.81286 1
-5.67707 -9.50992 4.32691 1
-8.1761 -9.02712 -3.84724 1
3.40428 -8.73062 7.18455 1
-6.65045 -9.35492 -4.70318 1
11.3084 3.38661 -5.04929 1
9.58088 5.25025 5.42451 1
-5.45917 -7.13518 6.98965 1
5.3632 -12.2063 -1.89118 1
-7.02371 12.3347 -0.470867 1
-12.3004 0.289852 -3.3687 1
12.3992 1.47295 -3.32808 1
2.5352 -10.862 4.49593 1
-8.98461 6.11751 -5.12113 1
-3.12952 10.7611 5.11753 1
-5.51862 5.36505 -8.58743 1
7.88155 2.91235 -8.5107 1
-7.16673 2.53867 -8.72434 1
-5.50884 -4.27398 -9.01834 1
3.95055 -9.35711 -5.91296 1
7.30094 -1.87299 -8.83896 1
-6.91597 -6.78134 5.8832 1
-10.0218 8.03013 1.31429 1
11.5012 -1.15825 -4.67144 1
-4.01581 12.8716 1.97234 1
8.18405 -1.31028 -8.17199 1
11.5259 1.27151 -4.75598 1
11.8786 -1.22103 4.62707 1
12.649 -1.83742 -2.57483 1
10.4933 -1.37872 6.09075 1
9.76758 2.91797 6.14056 1
12.4227 -4.97963 0.636868 1
11.4927 -3.52878 4.15226 1
-9.63275 -3.12698 -6.28048 1
-3.48729 7.71484 -7.81059 1
2.78359 -6.12332 -8.94701 1
1.55571 12.8426 1.87609 1
5.66334 -5.30764 -8.34916 1
-10.2302 6.77809 2.79137 1
8.93947 9.16097 -1.83195 1
5.84544 7.11504 6.57627 1
6.8583 -6.93477 -6.77862 1
-5.98656 9.25061 -5.08356 1
-7.95161 -8.86937 -4.15431 1
-6.01838 7.23932 6.55542 1
-1.5188 9.37131 7.43147 1
6.99768 0.0435466 -9.4775 1
1.33159 9.61462 6.32673 1
-11.7091 1.54173 4.23135 1
-5.1677 -7.52086 -7.20015 1
-12.9602 0.577516 -2.6131 1
7.9127 -0.203069 -8.66589 1
0.0324177 -8.97607 -7.62752 1
-4.8337 9.46906 5.71169 1
1.91855 9.50538 -6.48407 1
8.3505 -5.21854 -6.74177 1
10.3138 3.77136 -6.04309 1
7.00779 -5.18765 -7.54285 1
-10.8099 0.760141 4.93442 1
-1.27458 -12.7426 0.940712 1
12.2416 2.67679 3.17461 1
-5.29919 -12.3321 -0.571359 1
-13.5997 -3.40241 -1.17335 1
6.7713 -9.16017 4.85027 1
5.67028 4.37525 8.58774 1
-9.20649 -0.0865625 -7.30148 1
-5.79457 6.63423 7.47816 1
10.5785 -7.38904 0.140831 1
-3.22001 -8.47844 7.02845 1
11.4526 3.72124 4.34148 1
5.98123 -5.28443 -8.08034 1
-0.311924 8.13359 -8.14308 1
7.95637 -0.368434 -8.59259 1
5.00031 -5.5483 8.99962 1
6.78412 3.50918 -9.10673 1
5.00821 9.27294 -5.23653 1
-5.70217 -11.9043 0.313915 1
-7.62779 3.83666 7.07862 1
-0.716546 -10.5506 5.3474 1
8.02507 -7.16227 -5.68163 1
-9.71595 3.99768 -5.89925 1
-10.0238 -0.346315 -6.3746 1
-10.6088 -0.31681 4.77179 1
7.33983 -10.9528 1.94001 1
6.05382 7.5415 6.13193 1
7.58372 -10.1865 2.58608 1
-13.952 -1.88359 -0.459606 1
4.19555 -12.2353 -2.70661 1
5.72474 7.21409 -7.10951 1
4.10555 -5.86556 9.35683 1
-1.96754 -8.52713 7.82976 1
-11.974 -1.70538 3.55799 1
6.62869 3.78572 8.45803 1
11.4041 -6.03782 -0.836887 1
1.17838 11.2606 -4.22191 1
4.333 -9.45619 5.90094 1
7.60382 -3.81855 8.23767 1
-11.0025 -5.1873 -4.30639 1
-5.18138 11.2179 -3.54906 1
-7.45505 11.3507 1.51675 1
-2.30405 6.82976 9.25126 1
9.33894 7.04568 -3.83381 1
8.01601 7.40669 -5.24121 1
7.01305 8.5518 4.73524 1
0.650642 -7.25092 9.35487 1
-5.60655 3.71552 -9.16282 1
-7.49487 7.72339 -5.212 1
-10.5954 4.51034 3.43697 1
-7.68206 5.27572 -6.98791 1
-0.417825 11.6969 -4.08534 1
-4.42139 -10.5637 3.39213 1
-6.5616 1.97682 9.17471 1
3.28361 -12.5858 -2.18592 1
3.78921 7.10472 7.64854 1
10.4141 -7.26421 -1.26094 1
4.56437 -12.561 -1.6713 1
-9.47857 -9.56846 -0.787947 1