605.815 79.7571 -512.726 0 0 5
605.815 79.7571 -512.726 0 0 4
605.815 79.7571 -512.726 0 0 3
605.815 79.7571 -512.726 0 0 2
605.815 79.7571 -512.726 0 0 1
605.815 79.7571 -512.726 0 0 0
605.815 79.7571 -512.726 0 0 -1
605.815 79.7571 -512.726 0 0 -2
605.815 79.7571 -512.726 0 0 -3
605.815 79.7571 -512.726 0 0 -4
605.815 79.7571 -512.726 0 0 -5
605.815 79.7571 -512.726 0 4 7
605.815 79.7571 -512.726 0 4 6
605.815 79.7571 -512.726 0 4 5
605.815 79.7571 -512.726 0 4 4
605.815 79.7571 -512.726 0 4 3
605.815 79.7571 -512.726 0 4 2
605.815 79.7571 -512.726 0 4 1
605.815 79.7571 -512.726 0 4 0
605.815 79.7571 -512.726 0 4 -1
605.815 79.7571 -512.726 0 4 -2
605.815 79.7571 -512.726 0 4 -3
605.815 79.7571 -512.726 0 -5 5
605.815 79.7571 -512.726 0 -5 4
605.815 79.7571 -512.726 0 -5 3
605.815 79.7571 -512.726 0 -5 2
605.815 79.7571 -512.726 0 -5 1
605.815 79.7571 -512.726 0 -5 0
605.815 79.7571 -512.726 0 -5 -1
605.815 79.7571 -512.726 0 -5 -2
605.815 79.7571 -512.726 0 -5 -3
605.815 79.7571 -512.726 0 -5 -4
605.815 79.7571 -512.726 0 -5 -5
575.994 203.97 -512.726 0 0 5
575.994 203.97 -512.726 0 0 4
575.994 203.97 -512.726 0 0 3
575.994 203.97 -512.726 0 0 2
575.994 203.97 -512.726 0 0 1
575.994 203.97 -512.726 0 0 0
575.994 203.97 -512.726 0 0 -1
575.994 203.97 -512.726 0 0 -2
575.994 203.97 -512.726 0 0 -3
575.994 203.97 -512.726 0 0 -4
575.994 203.97 -512.726 0 0 -5
575.994 203.97 -512.726 0 4 7
575.994 203.97 -512.726 0 4 6
575.994 203.97 -512.726 0 4 5
575.994 203.97 -512.726 0 4 4
575.994 203.97 -512.726 0 4 3
575.994 203.97 -512.726 0 4 2
575.994 203.97 -512.726 0 4 1
575.994 203.97 -512.726 0 4 0
575.994 203.97 -512.726 0 4 -1
575.994 203.97 -512.726 0 4 -2
575.994 203.97 -512.726 0 4 -3
575.994 203.97 -512.726 0 -5 5
575.994 203.97 -512.726 0 -5 4
575.994 203.97 -512.726 0 -5 3
575.994 203.97 -512.726 0 -5 2
575.994 203.97 -512.726 0 -5 1
575.994 203.97 -512.726 0 -5 0
575.994 203.97 -512.726 0 -5 -1
575.994 203.97 -512.726 0 -5 -2
575.994 203.97 -512.726 0 -5 -3
575.994 203.97 -512.726 0 -5 -4
575.994 203.97 -512.726 0 -5 -5
520.999 319.269 -512.726 0 0 5
520.999 319.269 -512.726 0 0 4
520.999 319.269 -512.726 0 0 3
520.999 319.269 -512.726 0 0 2
520.999 319.269 -512.726 0 0 1
520.999 319.269 -512.726 0 0 0
520.999 319.269 -512.726 0 0 -1
520.999 319.269 -512.726 0 0 -2
520.999 319.269 -512.726 0 0 -3
520.999 319.269 -512.726 0 0 -4
520.999 319.269 -512.726 0 0 -5
520.999 319.269 -512.726 0 4 7
520.999 319.269 -512.726 0 4 6
520.999 319.269 -512.726 0 4 5
520.999 319.269 -512.726 0 4 4
520.999 319.269 -512.726 0 4 3
520.999 319.269 -512.726 0 4 2
520.999 319.269 -512.726 0 4 1
520.999 319.269 -512.726 0 4 0
520.999 319.269 -512.726 0 4 -1
520.999 319.269 -512.726 0 4 -2
520.999 319.269 -512.726 0 4 -3
520.999 319.269 -512.726 0 -5 5
520.999 319.269 -512.726 0 -5 4
520.999 319.269 -512.726 0 -5 3
520.999 319.269 -512.726 0 -5 2
520.999 319.269 -512.726 0 -5 1
520.999 319.269 -512.726 0 -5 0
520.999 319.269 -512.726 0 -5 -1
520.999 319.269 -512.726 0 -5 -2
520.999 319.269 -512.726 0 -5 -3
520.999 319.269 -512.726 0 -5 -4
520.999 319.269 -512.726 0 -5 -5
443.235 420.614 -512.726 0 0 5
443.235 420.614 -512.726 0 0 4
443.235 420.614 -512.726 0 0 3
443.235 420.614 -512.726 0 0 2
443.235 420.614 -512.726 0 0 1
443.235 420.614 -512.726 0 0 0
443.235 420.614 -512.726 0 0 -1
443.235 420.614 -512.726 0 0 -2
443.235 420.614 -512.726 0 0 -3
443.235 420.614 -512.726 0 0 -4
443.235 420.614 -512.726 0 0 -5
443.235 420.614 -512.726 0 4 7
443.235 420.614 -512.726 0 4 6
443.235 420.614 -512.726 0 4 5
443.235 420.614 -512.726 0 4 4
443.235 420.614 -512.726 0 4 3
443.235 420.614 -512.726 0 4 2
443.235 420.614 -512.726 0 4 1
443.235 420.614 -512.726 0 4 0
443.235 420.614 -512.726 0 4 -1
443.235 420.614 -512.726 0 4 -2
443.235 420.614 -512.726 0 4 -3
443.235 420.614 -512.726 0 -5 5
443.235 420.614 -512.726 0 -5 4
443.235 420.614 -512.726 0 -5 3
443.235 420.614 -512.726 0 -5 2
443.235 420.614 -512.726 0 -5 1
443.235 420.614 -512.726 0 -5 0
443.235 420.614 -512.726 0 -5 -1
443.235 420.614 -512.726 0 -5 -2
443.235 420.614 -512.726 0 -5 -3
443.235 420.614 -512.726 0 -5 -4
443.235 420.614 -512.726 0 -5 -5
346.098 503.576 -512.726 0 0 5
346.098 503.576 -512.726 0 0 4
346.098 503.576 -512.726 0 0 3
346.098 503.576 -512.726 0 0 2
346.098 503.576 -512.726 0 0 1
346.098 503.576 -512.726 0 0 0
346.098 503.576 -512.726 0 0 -1
346.098 503.576 -512.726 0 0 -2
346.098 503.576 -512.726 0 0 -3
346.098 503.576 -512.726 0 0 -4
346.098 503.576 -512.726 0 0 -5
346.098 503.576 -512.726 0 4 7
346.098 503.576 -512.726 0 4 6
346.098 503.576 -512.726 0 4 5
346.098 503.576 -512.726 0 4 4
346.098 503.576 -512.726 0 4 3
346.098 503.576 -512.726 0 4 2
346.098 503.576 -512.726 0 4 1
346.098 503.576 -512.726 0 4 0
346.098 503.576 -512.726 0 4 -1
346.098 503.576 -512.726 0 4 -2
346.098 503.576 -512.726 0 4 -3
346.098 503.576 -512.726 0 -5 5
346.098 503.576 -512.726 0 -5 4
346.098 503.576 -512.726 0 -5 3
346.098 503.576 -512.726 0 -5 2
346.098 503.576 -512.726 0 -5 1
346.098 503.576 -512.726 0 -5 0
346.098 503.576 -512.726 0 -5 -1
346.098 503.576 -512.726 0 -5 -2
346.098 503.576 -512.726 0 -5 -3
346.098 503.576 -512.726 0 -5 -4
346.098 503.576 -512.726 0 -5 -5
233.836 564.53 -512.726 0 0 5
233.836 564.53 -512.726 0 0 4
233.836 564.53 -512.726 0 0 3
233.836 564.53 -512.726 0 0 2
233.836 564.53 -512.726 0 0 1
233.836 564.53 -512.726 0 0 0
233.836 564.53 -512.726 0 0 -1
233.836 564.53 -512.726 0 0 -2
233.836 564.53 -512.726 0 0 -3
233.836 564.53 -512.726 0 0 -4
233.836 564.53 -512.726 0 0 -5
233.836 564.53 -512.726 0 4 7
233.836 564.53 -512.726 0 4 6
233.836 564.53 -512.726 0 4 5
233.836 564.53 -512.726 0 4 4
233.836 564.53 -512.726 0 4 3
233.836 564.53 -512.726 0 4 2
233.836 564.53 -512.726 0 4 1
233.836 564.53 -512.726 0 4 0
233.836 564.53 -512.726 0 4 -1
233.836 564.53 -512.726 0 4 -2
233.836 564.53 -512.726 0 4 -3
233.836 564.53 -512.726 0 -5 5
233.836 564.53 -512.726 0 -5 4
233.836 564.53 -512.726 0 -5 3
233.836 564.53 -512.726 0 -5 2
233.836 564.53 -512.726 0 -5 1
233.836 564.53 -512.726 0 -5 0
233.836 564.53 -512.726 0 -5 -1
233.836 564.53 -512.726 0 -5 -2
233.836 564.53 -512.726 0 -5 -3
233.836 564.53 -512.726 0 -5 -4
233.836 564.53 -512.726 0 -5 -5
111.354 600.811 -512.726 0 0 5
111.354 600.811 -512.726 0 0 4
111.354 600.811 -512.726 0 0 3
111.354 600.811 -512.726 0 0 2
111.354 600.811 -512.726 0 0 1
111.354 600.811 -512.726 0 0 0
111.354 600.811 -512.726 0 0 -1
111.354 600.811 -512.726 0 0 -2
111.354 600.811 -512.726 0 0 -3
111.354 600.811 -512.726 0 0 -4
111.354 600.811 -512.726 0 0 -5
111.354 600.811 -512.726 0 4 7
111.354 600.811 -512.726 0 4 6
111.354 600.811 -512.726 0 4 5
111.354 600.811 -512.726 0 4 4
111.354 600.811 -512.726 0 4 3
111.354 600.811 -512.726 0 4 2
111.354 600.811 -512.726 0 4 1
111.354 600.811 -512.726 0 4 0
111.354 600.811 -512.726 0 4 -1
111.354 600.811 -512.726 0 4 -2
111.354 600.811 -512.726 0 4 -3
111.354 600.811 -512.726 0 -5 5
111.354 600.811 -512.726 0 -5 4
111.354 600.811 -512.726 0 -5 3
111.354 600.811 -512.726 0 -5 2
111.354 600.811 -512.726 0 -5 1
111.354 600.811 -512.726 0 -5 0
111.354 600.811 -512.726 0 -5 -1
111.354 600.811 -512.726 0 -5 -2
111.354 600.811 -512.726 0 -5 -3
111.354 600.811 -512.726 0 -5 -4
111.354 600.811 -512.726 0 -5 -5
-15.9952 610.833 -512.726 0 0 5
-15.9952 610.833 -512.726 0 0 4
-15.9952 610.833 -512.726 0 0 3
-15.9952 610.833 -512.726 0 0 2
-15.9952 610.833 -512.726 0 0 1
-15.9952 610.833 -512.726 0 0 0
-15.9952 610.833 -512.726 0 0 -1
-15.9952 610.833 -512.726 0 0 -2
-15.9952 610.833 -512.726 0 0 -3
-15.9952 610.833 -512.726 0 0 -4
-15.9952 610.833 -512.726 0 0 -5
-15.9952 610.833 -512.726 0 4 7
-15.9952 610.833 -512.726 0 4 6
-15.9952 610.833 -512.726 0 4 5
-15.9952 610.833 -512.726 0 4 4
-15.9952 610.833 -512.726 0 4 3
-15.9952 610.833 -512.726 0 4 2
-15.9952 610.833 -512.726 0 4 1
-15.9952 610.833 -512.726 0 4 0
-15.9952 610.833 -512.726 0 4 -1
-15.9952 610.833 -512.726 0 4 -2
-15.9952 610.833 -512.726 0 4 -3
-15.9952 610.833 -512.726 0 -5 5
-15.9952 610.833 -512.726 0 -5 4
-15.9952 610.833 -512.726 0 -5 3
-15.9952 610.833 -512.726 0 -5 2
-15.9952 610.833 -512.726 0 -5 1
-15.9952 610.833 -512.726 0 -5 0
-15.9952 610.833 -512.726 0 -5 -1
-15.9952 610.833 -512.726 0 -5 -2
-15.9952 610.833 -512.726 0 -5 -3
-15.9952 610.833 -512.726 0 -5 -4
-15.9952 610.833 -512.726 0 -5 -5
-142.645 594.159 -512.726 0 0 5
-142.645 594.159 -512.726 0 0 4
-142.645 594.159 -512.726 0 0 3
-142.645 594.159 -512.726 0 0 2
-142.645 594.159 -512.726 0 0 1
-142.645 594.159 -512.726 0 0 0
-142.645 594.159 -512.726 0 0 -1
-142.645 594.159 -512.726 0 0 -2
-142.645 594.159 -512.726 0 0 -3
-142.645 594.159 -512.726 0 0 -4
-142.645 594.159 -512.726 0 0 -5
-142.645 594.159 -512.726 0 4 7
-142.645 594.159 -512.726 0 4 6
-142.645 594.159 -512.726 0 4 5
-142.645 594.159 -512.726 0 4 4
-142.645 594.159 -512.726 0 4 3
-142.645 594.159 -512.726 0 4 2
-142.645 594.159 -512.726 0 4 1
-142.645 594.159 -512.726 0 4 0
-142.645 594.159 -512.726 0 4 -1
-142.645 594.159 -512.726 0 4 -2
-142.645 594.159 -512.726 0 4 -3
-142.645 594.159 -512.726 0 -5 5
-142.645 594.159 -512.726 0 -5 4
-142.645 594.159 -512.726 0 -5 3
-142.645 594.159 -512.726 0 -5 2
-142.645 594.159 -512.726 0 -5 1
-142.645 594.159 -512.726 0 -5 0
-142.645 594.159 -512.726 0 -5 -1
-142.645 594.159 -512.726 0 -5 -2
-142.645 594.159 -512.726 0 -5 -3
-142.645 594.159 -512.726 0 -5 -4
-142.645 594.159 -512.726 0 -5 -5
-263.061 551.518 -512.726 0 0 5
-263.061 551.518 -512.726 0 0 4
-263.061 551.518 -512.726 0 0 3
-263.061 551.518 -512.726 0 0 2
-263.061 551.518 -512.726 0 0 1
-263.061 551.518 -512.726 0 0 0
-263.061 551.518 -512.726 0 0 -1
-263.061 551.518 -512.726 0 0 -2
-263.061 551.518 -512.726 0 0 -3
-263.061 551.518 -512.726 0 0 -4
-263.061 551.518 -512.726 0 0 -5
-263.061 551.518 -512.726 0 4 7
-263.061 551.518 -512.726 0 4 6
-263.061 551.518 -512.726 0 4 5
-263.061 551.518 -512.726 0 4 4
-263.061 551.518 -512.726 0 4 3
-263.061 551.518 -512.726 0 4 2
-263.061 551.518 -512.726 0 4 1
-263.061 551.518 -512.726 0 4 0
-263.061 551.518 -512.726 0 4 -1
-263.061 551.518 -512.726 0 4 -2
-263.061 551.518 -512.726 0 4 -3
-263.061 551.518 -512.726 0 -5 5
-263.061 551.518 -512.726 0 -5 4
-263.061 551.518 -512.726 0 -5 3
-263.061 551.518 -512.726 0 -5 2
-263.061 551.518 -512.726 0 -5 1
-263.061 551.518 -512.726 0 -5 0
-263.061 551.518 -512.726 0 -5 -1
-263.061 551.518 -512.726 0 -5 -2
-263.061 551.518 -512.726 0 -5 -3
-263.061 551.518 -512.726 0 -5 -4
-263.061 551.518 -512.726 0 -5 -5
-371.979 484.773 -512.726 0 0 5
-371.979 484.773 -512.726 0 0 4
-371.979 484.773 -512.726 0 0 3
-371.979 484.773 -512.726 0 0 2
-371.979 484.773 -512.726 0 0 1
-371.979 484.773 -512.726 0 0 0
-371.979 484.773 -512.726 0 0 -1
-371.979 484.773 -512.726 0 0 -2
-371.979 484.773 -512.726 0 0 -3
-371.979 484.773 -512.726 0 0 -4
-371.979 484.773 -512.726 0 0 -5
-371.979 484.773 -512.726 0 4 7
-371.979 484.773 -512.726 0 4 6
-371.979 484.773 -512.726 0 4 5
-371.979 484.773 -512.726 0 4 4
-371.979 484.773 -512.726 0 4 3
-371.979 484.773 -512.726 0 4 2
-371.979 484.773 -512.726 0 4 1
-371.979 484.773 -512.726 0 4 0
-371.979 484.773 -512.726 0 4 -1
-371.979 484.773 -512.726 0 4 -2
-371.979 484.773 -512.726 0 4 -3
-371.979 484.773 -512.726 0 -5 5
-371.979 484.773 -512.726 0 -5 4
-371.979 484.773 -512.726 0 -5 3
-371.979 484.773 -512.726 0 -5 2
-371.979 484.773 -512.726 0 -5 1
-371.979 484.773 -512.726 0 -5 0
-371.979 484.773 -512.726 0 -5 -1
-371.979 484.773 -512.726 0 -5 -2
-371.979 484.773 -512.726 0 -5 -3
-371.979 484.773 -512.726 0 -5 -4
-371.979 484.773 -512.726 0 -5 -5
-464.64 396.84 -512.726 0 0 5
-464.64 396.84 -512.726 0 0 4
-464.64 396.84 -512.726 0 0 3
-464.64 396.84 -512.726 0 0 2
-464.64 396.84 -512.726 0 0 1
-464.64 396.84 -512.726 0 0 0
-464.64 396.84 -512.726 0 0 -1
-464.64 396.84 -512.726 0 0 -2
-464.64 396.84 -512.726 0 0 -3
-464.64 396.84 -512.726 0 0 -4
-464.64 396.84 -512.726 0 0 -5
-464.64 396.84 -512.726 0 4 7
-464.64 396.84 -512.726 0 4 6
-464.64 396.84 -512.726 0 4 5
-464.64 396.84 -512.726 0 4 4
-464.64 396.84 -512.726 0 4 3
-464.64 396.84 -512.726 0 4 2
-464.64 396.84 -512.726 0 4 1
-464.64 396.84 -512.726 0 4 0
-464.64 396.84 -512.726 0 4 -1
-464.64 396.84 -512.726 0 4 -2
-464.64 396.84 -512.726 0 4 -3
-464.64 396.84 -512.726 0 -5 5
-464.64 396.84 -512.726 0 -5 4
-464.64 396.84 -512.726 0 -5 3
-464.64 396.84 -512.726 0 -5 2
-464.64 396.84 -512.726 0 -5 1
-464.64 396.84 -512.726 0 -5 0
-464.64 396.84 -512.726 0 -5 -1
-464.64 396.84 -512.726 0 -5 -2
-464.64 396.84 -512.726 0 -5 -3
-464.64 396.84 -512.726 0 -5 -4
-464.64 396.84 -512.726 0 -5 -5
-536.995 291.564 -512.726 0 0 5
-536.995 291.564 -512.726 0 0 4
-536.995 291.564 -512.726 0 0 3
-536.995 291.564 -512.726 0 0 2
-536.995 291.564 -512.726 0 0 1
-536.995 291.564 -512.726 0 0 0
-536.995 291.564 -512.726 0 0 -1
-536.995 291.564 -512.726 0 0 -2
-536.995 291.564 -512.726 0 0 -3
-536.995 291.564 -512.726 0 0 -4
-536.995 291.564 -512.726 0 0 -5
-536.995 291.564 -512.726 0 4 7
-536.995 291.564 -512.726 0 4 6
-536.995 291.564 -512.726 0 4 5
-536.995 291.564 -512.726 0 4 4
-536.995 291.564 -512.726 0 4 3
-536.995 291.564 -512.726 0 4 2
-536.995 291.564 -512.726 0 4 1
-536.995 291.564 -512.726 0 4 0
-536.995 291.564 -512.726 0 4 -1
-536.995 291.564 -512.726 0 4 -2
-536.995 291.564 -512.726 0 4 -3
-536.995 291.564 -512.726 0 -5 5
-536.995 291.564 -512.726 0 -5 4
-536.995 291.564 -512.726 0 -5 3
-536.995 291.564 -512.726 0 -5 2
-536.995 291.564 -512.726 0 -5 1
-536.995 291.564 -512.726 0 -5 0
-536.995 291.564 -512.726 0 -5 -1
-536.995 291.564 -512.726 0 -5 -2
-536.995 291.564 -512.726 0 -5 -3
-536.995 291.564 -512.726 0 -5 -4
-536.995 291.564 -512.726 0 -5 -5
-585.88 173.545 -512.726 0 0 5
-585.88 173.545 -512.726 0 0 4
-585.88 173.545 -512.726 0 0 3
-585.88 173.545 -512.726 0 0 2
-585.88 173.545 -512.726 0 0 1
-585.88 173.545 -512.726 0 0 0
-585.88 173.545 -512.726 0 0 -1
-585.88 173.545 -512.726 0 0 -2
-585.88 173.545 -512.726 0 0 -3
-585.88 173.545 -512.726 0 0 -4
-585.88 173.545 -512.726 0 0 -5
-585.88 173.545 -512.726 0 4 7
-585.88 173.545 -512.726 0 4 6
-585.88 173.545 -512.726 0 4 5
-585.88 173.545 -512.726 0 4 4
-585.88 173.545 -512.726 0 4 3
-585.88 173.545 -512.726 0 4 2
-585.88 173.545 -512.726 0 4 1
-585.88 173.545 -512.726 0 4 0
-585.88 173.545 -512.726 0 4 -1
-585.88 173.545 -512.726 0 4 -2
-585.88 173.545 -512.726 0 4 -3
-585.88 173.545 -512.726 0 -5 5
-585.88 173.545 -512.726 0 -5 4
-585.88 173.545 -512.726 0 -5 3
-585.88 173.545 -512.726 0 -5 2
-585.88 173.545 -512.726 0 -5 1
-585.88 173.545 -512.726 0 -5 0
-585.88 173.545 -512.726 0 -5 -1
-585.88 173.545 -512.726 0 -5 -2
-585.88 173.545 -512.726 0 -5 -3
-585.88 173.545 -512.726 0 -5 -4
-585.88 173.545 -512.726 0 -5 -5
-609.159 47.9419 -512.726 0 0 5
-609.159 47.9419 -512.726 0 0 4
-609.159 47.9419 -512.726 0 0 3
-609.159 47.9419 -512.726 0 0 2
-609.159 47.9419 -512.726 0 0 1
-609.159 47.9419 -512.726 0 0 0
-609.159 47.9419 -512.726 0 0 -1
-609.159 47.9419 -512.726 0 0 -2
-609.159 47.9419 -512.726 0 0 -3
-609.159 47.9419 -512.726 0 0 -4
-609.159 47.9419 -512.726 0 0 -5
-609.159 47.9419 -512.726 0 4 7
-609.159 47.9419 -512.726 0 4 6
-609.159 47.9419 -512.726 0 4 5
-609.159 47.9419 -512.726 0 4 4
-609.159 47.9419 -512.726 0 4 3
-609.159 47.9419 -512.726 0 4 2
-609.159 47.9419 -512.726 0 4 1
-609.159 47.9419 -512.726 0 4 0
-609.159 47.9419 -512.726 0 4 -1
-609.159 47.9419 -512.726 0 4 -2
-609.159 47.9419 -512.726 0 4 -3
-609.159 47.9419 -512.726 0 -5 5
-609.159 47.9419 -512.726 0 -5 4
-609.159 47.9419 -512.726 0 -5 3
-609.159 47.9419 -512.726 0 -5 2
-609.159 47.9419 -512.726 0 -5 1
-609.159 47.9419 -512.726 0 -5 0
-609.159 47.9419 -512.726 0 -5 -1
-609.159 47.9419 -512.726 0 -5 -2
-609.159 47.9419 -512.726 0 -5 -3
-609.159 47.9419 -512.726 0 -5 -4
-609.159 47.9419 -512.726 0 -5 -5
-605.815 -79.7571 -512.726 0 0 5
-605.815 -79.7571 -512.726 0 0 4
-605.815 -79.7571 -512.726 0 0 3
-605.815 -79.7571 -512.726 0 0 2
-605.815 -79.7571 -512.726 0 0 1
-605.815 -79.7571 -512.726 0 0 0
-605.815 -79.7571 -512.726 0 0 -1
-605.815 -79.7571 -512.726 0 0 -2
-605.815 -79.7571 -512.726 0 0 -3
-605.815 -79.7571 -512.726 0 0 -4
-605.815 -79.7571 -512.726 0 0 -5
-605.815 -79.7571 -512.726 0 4 7
-605.815 -79.7571 -512.726 0 4 6
-605.815 -79.7571 -512.726 0 4 5
-605.815 -79.7571 -512.726 0 4 4
-605.815 -79.7571 -512.726 0 4 3
-605.815 -79.7571 -512.726 0 4 2
-605.815 -79.7571 -512.726 0 4 1
-605.815 -79.7571 -512.726 0 4 0
-605.815 -79.7571 -512.726 0 4 -1
-605.815 -79.7571 -512.726 0 4 -2
-605.815 -79.7571 -512.726 0 4 -3
-605.815 -79.7571 -512.726 0 -5 5
-605.815 -79.7571 -512.726 0 -5 4
-605.815 -79.7571 -512.726 0 -5 3
-605.815 -79.7571 -512.726 0 -5 2
-605.815 -79.7571 -512.726 0 -5 1
-605.815 -79.7571 -512.726 0 -5 0
-605.815 -79.7571 -512.726 0 -5 -1
-605.815 -79.7571 -512.726 0 -5 -2
-605.815 -79.7571 -512.726 0 -5 -3
-605.815 -79.7571 -512.726 0 -5 -4
-605.815 -79.7571 -512.726 0 -5 -5
-575.994 -203.97 -512.726 0 0 5
-575.994 -203.97 -512.726 0 0 4
-575.994 -203.97 -512.726 0 0 3
-575.994 -203.97 -512.726 0 0 2
-575.994 -203.97 -512.726 0 0 1
-575.994 -203.97 -512.726 0 0 0
-575.994 -203.97 -512.726 0 0 -1
-575.994 -203.97 -512.726 0 0 -2
-575.994 -203.97 -512.726 0 0 -3
-575.994 -203.97 -512.726 0 0 -4
-575.994 -203.97 -512.726 0 0 -5
-575.994 -203.97 -512.726 0 4 7
-575.994 -203.97 -512.726 0 4 6
-575.994 -203.97 -512.726 0 4 5
-575.994 -203.97 -512.726 0 4 4
-575.994 -203.97 -512.726 0 4 3
-575.994 -203.97 -512.726 0 4 2
-575.994 -203.97 -512.726 0 4 1
-575.994 -203.97 -512.726 0 4 0
-575.994 -203.97 -512.726 0 4 -1
-575.994 -203.97 -512.726 0 4 -2
-575.994 -203.97 -512.726 0 4 -3
-575.994 -203.97 -512.726 0 -5 5
-575.994 -203.97 -512.726 0 -5 4
-575.994 -203.97 -512.726 0 -5 3
-575.994 -203.97 -512.726 0 -5 2
-575.994 -203.97 -512.726 0 -5 1
-575.994 -203.97 -512.726 0 -5 0
-575.994 -203.97 -512.726 0 -5 -1
-575.994 -203.97 -512.726 0 -5 -2
-575.994 -203.97 -512.726 0 -5 -3
-575.994 -203.97 -512.726 0 -5 -4
-575.994 -203.97 -512.726 0 -5 -5
-520.999 -319.269 -512.726 0 0 5
-520.999 -319.269 -512.726 0 0 4
-520.999 -319.269 -512.726 0 0 3
-520.999 -319.269 -512.726 0 0 2
-520.999 -319.269 -512.726 0 0 1
-520.999 -319.269 -512.726 0 0 0
-520.999 -319.269 -512.726 0 0 -1
-520.999 -319.269 -512.726 0 0 -2
-520.999 -319.269 -512.726 0 0 -3
-520.999 -319.269 -512.726 0 0 -4
-520.999 -319.269 -512.726 0 0 -5
-520.999 -319.269 -512.726 0 4 7
-520.999 -319.269 -512.726 0 4 6
-520.999 -319.269 -512.726 0 4 5
-520.999 -319.269 -512.726 0 4 4
-520.999 -319.269 -512.726 0 4 3
-520.999 -319.269 -512.726 0 4 2
-520.999 -319.269 -512.726 0 4 1
-520.999 -319.269 -512.726 0 4 0
-520.999 -319.269 -512.726 0 4 -1
-520.999 -319.269 -512.726 0 4 -2
-520.999 -319.269 -512.726 0 4 -3
-520.999 -319.269 -512.726 0 -5 5
-520.999 -319.269 -512.726 0 -5 4
-520.999 -319.269 -512.726 0 -5 3
-520.999 -319.269 -512.726 0 -5 2
-520.999 -319.269 -512.726 0 -5 1
-520.999 -319.269 -512.726 0 -5 0
-520.999 -319.269 -512.726 0 -5 -1
-520.999 -319.269 -512.726 0 -5 -2
-520.999 -319.269 -512.726 0 -5 -3
-520.999 -319.269 -512.726 0 -5 -4
-520.999 -319.269 -512.726 0 -5 -5
-443.235 -420.614 -512.726 0 0 5
-443.235 -420.614 -512.726 0 0 4
-443.235 -420.614 -512.726 0 0 3
-443.235 -420.614 -512.726 0 0 2
-443.235 -420.614 -512.726 0 0 1
-443.235 -420.614 -512.726 0 0 0
-443.235 -420.614 -512.726 0 0 -1
-443.235 -420.614 -512.726 0 0 -2
-443.235 -420.614 -512.726 0 0 -3
-443.235 -420.614 -512.726 0 0 -4
-443.235 -420.614 -512.726 0 0 -5
-443.235 -420.614 -512.726 0 4 7
-443.235 -420.614 -512.726 0 4 6
-443.235 -420.614 -512.726 0 4 5
-443.235 -420.614 -512.726 0 4 4
-443.235 -420.614 -512.726 0 4 3
-443.235 -420.614 -512.726 0 4 2
-443.235 -420.614 -512.726 0 4 1
-443.235 -420.614 -512.726 0 4 0
-443.235 -420.614 -512.726 0 4 -1
-443.235 -420.614 -512.726 0 4 -2
-443.235 -420.614 -512.726 0 4 -3
-443.235 -420.614 -512.726 0 -5 5
-443.235 -420.614 -512.726 0 -5 4
-443.235 -420.614 -512.726 0 -5 3
-443.235 -420.614 -512.726 0 -5 2
-443.235 -420.614 -512.726 0 -5 1
-443.235 -420.614 -512.726 0 -5 0
-443.235 -420.614 -512.726 0 -5 -1
-443.235 -420.614 -512.726 0 -5 -2
-443.235 -420.614 -512.726 0 -5 -3
-443.235 -420.614 -512.726 0 -5 -4
-443.235 -420.614 -512.726 0 -5 -5
-346.098 -503.576 -512.726 0 0 5
-346.098 -503.576 -512.726 0 0 4
-346.098 -503.576 -512.726 0 0 3
-346.098 -503.576 -512.726 0 0 2
-346.098 -503.576 -512.726 0 0 1
-346.098 -503.576 -512.726 0 0 0
-346.098 -503.576 -512.726 0 0 -1
-346.098 -503.576 -512.726 0 0 -2
-346.098 -503.576 -512.726 0 0 -3
-346.098 -503.576 -512.726 0 0 -4
-346.098 -503.576 -512.726 0 0 -5
-346.098 -503.576 -512.726 0 4 7
-346.098 -503.576 -512.726 0 4 6
-346.098 -503.576 -512.726 0 4 5
-346.098 -503.576 -512.726 0 4 4
-346.098 -503.576 -512.726 0 4 3
-346.098 -503.576 -512.726 0 4 2
-346.098 -503.576 -512.726 0 4 1
-346.098 -503.576 -512.726 0 4 0
-346.098 -503.576 -512.726 0 4 -1
-346.098 -503.576 -512.726 0 4 -2
-346.098 -503.576 -512.726 0 4 -3
-346.098 -503.576 -512.726 0 -5 5
-346.098 -503.576 -512.726 0 -5 4
-346.098 -503.576 -512.726 0 -5 3
-346.098 -503.576 -512.726 0 -5 2
-346.098 -503.576 -512.726 0 -5 1
-346.098 -503.576 -512.726 0 -5 0
-346.098 -503.576 -512.726 0 -5 -1
-346.098 -503.576 -512.726 0 -5 -2
-346.098 -503.576 -512.726 0 -5 -3
-346.098 -503.576 -512.726 0 -5 -4
-346.098 -503.576 -512.726 0 -5 -5
-233.836 -564.53 -512.726 0 0 5
-233.836 -564.53 -512.726 0 0 4
-233.836 -564.53 -512.726 0 0 3
-233.836 -564.53 -512.726 0 0 2
-233.836 -564.53 -512.726 0 0 1
-233.836 -564.53 -512.726 0 0 0
-233.836 -564.53 -512.726 0 0 -1
-233.836 -564.53 -512.726 0 0 -2
-233.836 -564.53 -512.726 0 0 -3
-233.836 -564.53 -512.726 0 0 -4
-233.836 -564.53 -512.726 0 0 -5
-233.836 -564.53 -512.726 0 4 7
-233.836 -564.53 -512.726 0 4 6
-233.836 -564.53 -512.726 0 4 5
-233.836 -564.53 -512.726 0 4 4
-233.836 -564.53 -512.726 0 4 3
-233.836 -564.53 -512.726 0 4 2
-233.836 -564.53 -512.726 0 4 1
-233.836 -564.53 -512.726 0 4 0
-233.836 -564.53 -512.726 0 4 -1
-233.836 -564.53 -512.726 0 4 -2
-233.836 -564.53 -512.726 0 4 -3
-233.836 -564.53 -512.726 0 -5 5
-233.836 -564.53 -512.726 0 -5 4
-233.836 -564.53 -512.726 0 -5 3
-233.836 -564.53 -512.726 0 -5 2
-233.836 -564.53 -512.726 0 -5 1
-233.836 -564.53 -512.726 0 -5 0
-233.836 -564.53 -512.726 0 -5 -1
-233.836 -564.53 -512.726 0 -5 -2
-233.836 -564.53 -512.726 0 -5 -3
-233.836 -564.53 -512.726 0 -5 -4
-233.836 -564.53 -512.726 0 -5 -5
-111.354 -600.811 -512.726 0 0 5
-111.354 -600.811 -512.726 0 0 4
-111.354 -600.811 -512.726 0 0 3
-111.354 -600.811 -512.726 0 0 2
-111.354 -600.811 -512.726 0 0 1
-111.354 -600.811 -512.726 0 0 0
-111.354 -600.811 -512.726 0 0 -1
-111.354 -600.811 -512.726 0 0 -2
-111.354 -600.811 -512.726 0 0 -3
-111.354 -600.811 -512.726 0 0 -4
-111.354 -600.811 -512.726 0 0 -5
-111.354 -600.811 -512.726 0 4 7
-111.354 -600.811 -512.726 0 4 6
-111.354 -600.811 -512.726 0 4 5
-111.354 -600.811 -512.726 0 4 4
-111.354 -600.811 -512.726 0 4 3
-111.354 -600.811 -512.726 0 4 2
-111.354 -600.811 -512.726 0 4 1
-111.354 -600.811 -512.726 0 4 0
-111.354 -600.811 -512.726 0 4 -1
-111.354 -600.811 -512.726 0 4 -2
-111.354 -600.811 -512.726 0 4 -3
-111.354 -600.811 -512.726 0 -5 5
-111.354 -600.811 -512.726 0 -5 4
-111.354 -600.811 -512.726 0 -5 3
-111.354 -600.811 -512.726 0 -5 2
-111.354 -600.811 -512.726 0 -5 1
-111.354 -600.811 -512.726 0 -5 0
-111.354 -600.811 -512.726 0 -5 -1
-111.354 -600.811 -512.726 0 -5 -2
-111.354 -600.811 -512.726 0 -5 -3
-111.354 -600.811 -512.726 0 -5 -4
-111.354 -600.811 -512.726 0 -5 -5
15.9952 -610.833 -512.726 0 0 5
15.9952 -610.833 -512.726 0 0 4
15.9952 -610.833 -512.726 0 0 3
15.9952 -610.833 -512.726 0 0 2
15.9952 -610.833 -512.726 0 0 1
15.9952 -610.833 -512.726 0 0 0
15.9952 -610.833 -512.726 0 0 -1
15.9952 -610.833 -512.726 0 0 -2
15.9952 -610.833 -512.726 0 0 -3
15.9952 -610.833 -512.726 0 0 -4
15.9952 -610.833 -512.726 0 0 -5
15.9952 -610.833 -512.726 0 4 7
15.9952 -610.833 -512.726 0 4 6
15.9952 -610.833 -512.726 0 4 5
15.9952 -610.833 -512.726 0 4 4
15.9952 -610.833 -512.726 0 4 3
15.9952 -610.833 -512.726 0 4 2
15.9952 -610.833 -512.726 0 4 1
15.9952 -610.833 -512.726 0 4 0
15.9952 -610.833 -512.726 0 4 -1
15.9952 -610.833 -512.726 0 4 -2
15.9952 -610.833 -512.726 0 4 -3
15.9952 -610.833 -512.726 0 -5 5
15.9952 -610.833 -512.726 0 -5 4
15.9952 -610.833 -512.726 0 -5 3
15.9952 -610.833 -512.726 0 -5 2
15.9952 -610.833 -512.726 0 -5 1
15.9952 -610.833 -512.726 0 -5 0
15.9952 -610.833 -512.726 0 -5 -1
15.9952 -610.833 -512.726 0 -5 -2
15.9952 -610.833 -512.726 0 -5 -3
15.9952 -610.833 -512.726 0 -5 -4
15.9952 -610.833 -512.726 0 -5 -5
142.645 -594.159 -512.726 0 0 5
142.645 -594.159 -512.726 0 0 4
142.645 -594.159 -512.726 0 0 3
142.645 -594.159 -512.726 0 0 2
142.645 -594.159 -512.726 0 0 1
142.645 -594.159 -512.726 0 0 0
142.645 -594.159 -512.726 0 0 -1
142.645 -594.159 -512.726 0 0 -2
142.645 -594.159 -512.726 0 0 -3
142.645 -594.159 -512.726 0 0 -4
142.645 -594.159 -512.726 0 0 -5
142.645 -594.159 -512.726 0 4 7
142.645 -594.159 -512.726 0 4 6
142.645 -594.159 -512.726 0 4 5
142.645 -594.159 -512.726 0 4 4
142.645 -594.159 -512.726 0 4 3
142.645 -594.159 -512.726 0 4 2
142.645 -594.159 -512.726 0 4 1
142.645 -594.159 -512.726 0 4 0
142.645 -594.159 -512.726 0 4 -1
142.645 -594.159 -512.726 0 4 -2
142.645 -594.159 -512.726 0 4 -3
142.645 -594.159 -512.726 0 -5 5
142.645 -594.159 -512.726 0 -5 4
142.645 -594.159 -512.726 0 -5 3
142.645 -594.159 -512.726 0 -5 2
142.645 -594.159 -512.726 0 -5 1
142.645 -594.159 -512.726 0 -5 0
142.645 -594.159 -512.726 0 -5 -1
142.645 -594.159 -512.726 0 -5 -2
142.645 -594.159 -512.726 0 -5 -3
142.645 -594.159 -512.726 0 -5 -4
142.645 -594.159 -512.726 0 -5 -5
263.061 -551.518 -512.726 0 0 5
263.061 -551.518 -512.726 0 0 4
263.061 -551.518 -512.726 0 0 3
263.061 -551.518 -512.726 0 0 2
263.061 -551.518 -512.726 0 0 1
263.061 -551.518 -512.726 0 0 0
263.061 -551.518 -512.726 0 0 -1
263.061 -551.518 -512.726 0 0 -2
263.061 -551.518 -512.726 0 0 -3
263.061 -551.518 -512.726 0 0 -4
263.061 -551.518 -512.726 0 0 -5
263.061 -551.518 -512.726 0 4 7
263.061 -551.518 -512.726 0 4 6
263.061 -551.518 -512.726 0 4 5
263.061 -551.518 -512.726 0 4 4
263.061 -551.518 -512.726 0 4 3
263.061 -551.518 -512.726 0 4 2
263.061 -551.518 -512.726 0 4 1
263.061 -551.518 -512.726 0 4 0
263.061 -551.518 -512.726 0 4 -1
263.061 -551.518 -512.726 0 4 -2
263.061 -551.518 -512.726 0 4 -3
263.061 -551.518 -512.726 0 -5 5
263.061 -551.518 -512.726 0 -5 4
263.061 -551.518 -512.726 0 -5 3
263.061 -551.518 -512.726 0 -5 2
263.061 -551.518 -512.726 0 -5 1
263.061 -551.518 -512.726 0 -5 0
263.061 -551.518 -512.726 0 -5 -1
263.061 -551.518 -512.726 0 -5 -2
263.061 -551.518 -512.726 0 -5 -3
263.061 -551.518 -512.726 0 -5 -4
263.061 -551.518 -512.726 0 -5 -5
371.979 -484.773 -512.726 0 0 5
371.979 -484.773 -512.726 0 0 4
371.979 -484.773 -512.726 0 0 3
371.979 -484.773 -512.726 0 0 2
371.979 -484.773 -512.726 0 0 1
371.979 -484.773 -512.726 0 0 0
371.979 -484.773 -512.726 0 0 -1
371.979 -484.773 -512.726 0 0 -2
371.979 -484.773 -512.726 0 0 -3
371.979 -484.773 -512.726 0 0 -4
371.979 -484.773 -512.726 0 0 -5
371.979 -484.773 -512.726 0 4 7
371.979 -484.773 -512.726 0 4 6
371.979 -484.773 -512.726 0 4 5
371.979 -484.773 -512.726 0 4 4
371.979 -484.773 -512.726 0 4 3
371.979 -484.773 -512.726 0 4 2
371.979 -484.773 -512.726 0 4 1
371.979 -484.773 -512.726 0 4 0
371.979 -484.773 -512.726 0 4 -1
371.979 -484.773 -512.726 0 4 -2
371.979 -484.773 -512.726 0 4 -3
371.979 -484.773 -512.726 0 -5 5
371.979 -484.773 -512.726 0 -5 4
371.979 -484.773 -512.726 0 -5 3
371.979 -484.773 -512.726 0 -5 2
371.979 -484.773 -512.726 0 -5 1
371.979 -484.773 -512.726 0 -5 0
371.979 -484.773 -512.726 0 -5 -1
371.979 -484.773 -512.726 0 -5 -2
371.979 -484.773 -512.726 0 -5 -3
371.979 -484.773 -512.726 0 -5 -4
371.979 -484.773 -512.726 0 -5 -5
464.64 -396.84 -512.726 0 0 5
464.64 -396.84 -512.726 0 0 4
464.64 -396.84 -512.726 0 0 3
464.64 -396.84 -512.726 0 0 2
464.64 -396.84 -512.726 0 0 1
464.64 -396.84 -512.726 0 0 0
464.64 -396.84 -512.726 0 0 -1
464.64 -396.84 -512.726 0 0 -2
464.64 -396.84 -512.726 0 0 -3
464.64 -396.84 -512.726 0 0 -4
464.64 -396.84 -512.726 0 0 -5
464.64 -396.84 -512.726 0 4 7
464.64 -396.84 -512.726 0 4 6
464.64 -396.84 -512.726 0 4 5
464.64 -396.84 -512.726 0 4 4
464.64 -396.84 -512.726 0 4 3
464.64 -396.84 -512.726 0 4 2
464.64 -396.84 -512.726 0 4 1
464.64 -396.84 -512.726 0 4 0
464.64 -396.84 -512.726 0 4 -1
464.64 -396.84 -512.726 0 4 -2
464.64 -396.84 -512.726 0 4 -3
464.64 -396.84 -512.726 0 -5 5
464.64 -396.84 -512.726 0 -5 4
464.64 -396.84 -512.726 0 -5 3
464.64 -396.84 -512.726 0 -5 2
464.64 -396.84 -512.726 0 -5 1
464.64 -396.84 -512.726 0 -5 0
464.64 -396.84 -512.726 0 -5 -1
464.64 -396.84 -512.726 0 -5 -2
464.64 -396.84 -512.726 0 -5 -3
464.64 -396.84 -512.726 0 -5 -4
464.64 -396.84 -512.726 0 -5 -5
536.995 -291.564 -512.726 0 0 5
536.995 -291.564 -512.726 0 0 4
536.995 -291.564 -512.726 0 0 3
536.995 -291.564 -512.726 0 0 2
536.995 -291.564 -512.726 0 0 1
536.995 -291.564 -512.726 0 0 0
536.995 -291.564 -512.726 0 0 -1
536.995 -291.564 -512.726 0 0 -2
536.995 -291.564 -512.726 0 0 -3
536.995 -291.564 -512.726 0 0 -4
536.995 -291.564 -512.726 0 0 -5
536.995 -291.564 -512.726 0 4 7
536.995 -291.564 -512.726 0 4 6
536.995 -291.564 -512.726 0 4 5
536.995 -291.564 -512.726 0 4 4
536.995 -291.564 -512.726 0 4 3
536.995 -291.564 -512.726 0 4 2
536.995 -291.564 -512.726 0 4 1
536.995 -291.564 -512.726 0 4 0
536.995 -291.564 -512.726 0 4 -1
536.995 -291.564 -512.726 0 4 -2
536.995 -291.564 -512.726 0 4 -3
536.995 -291.564 -512.726 0 -5 5
536.995 -291.564 -512.726 0 -5 4
536.995 -291.564 -512.726 0 -5 3
536.995 -291.564 -512.726 0 -5 2
536.995 -291.564 -512.726 0 -5 1
536.995 -291.564 -512.726 0 -5 0
536.995 -291.564 -512.726 0 -5 -1
536.995 -291.564 -512.726 0 -5 -2
536.995 -291.564 -512.726 0 -5 -3
536.995 -291.564 -512.726 0 -5 -4
536.995 -291.564 -512.726 0 -5 -5
585.88 -173.545 -512.726 0 0 5
585.88 -173.545 -512.726 0 0 4
585.88 -173.545 -512.726 0 0 3
585.88 -173.545 -512.726 0 0 2
585.88 -173.545 -512.726 0 0 1
585.88 -173.545 -512.726 0 0 0
585.88 -173.545 -512.726 0 0 -1
585.88 -173.545 -512.726 0 0 -2
585.88 -173.545 -512.726 0 0 -3
585.88 -173.545 -512.726 0 0 -4
585.88 -173.545 -512.726 0 0 -5
585.88 -173.545 -512.726 0 4 7
585.88 -173.545 -512.726 0 4 6
585.88 -173.545 -512.726 0 4 5
585.88 -173.545 -512.726 0 4 4
585.88 -173.545 -512.726 0 4 3
585.88 -173.545 -512.726 0 4 2
585.88 -173.545 -512.726 0 4 1
585.88 -173.545 -512.726 0 4 0
585.88 -173.545 -512.726 0 4 -1
585.88 -173.545 -512.726 0 4 -2
585.88 -173.545 -512.726 0 4 -3
585.88 -173.545 -512.726 0 -5 5
585.88 -173.545 -512.726 0 -5 4
585.88 -173.545 -512.726 0 -5 3
585.88 -173.545 -512.726 0 -5 2
585.88 -173.545 -512.726 0 -5 1
585.88 -173.545 -512.726 0 -5 0
585.88 -173.545 -512.726 0 -5 -1
585.88 -173.545 -512.726 0 -5 -2
585.88 -173.545 -512.726 0 -5 -3
585.88 -173.545 -512.726 0 -5 -4
585.88 -173.545 -512.726 0 -5 -5
609.159 -47.9419 -512.726 0 0 5
609.159 -47.9419 -512.726 0 0 4
609.159 -47.9419 -512.726 0 0 3
609.159 -47.9419 -512.726 0 0 2
609.159 -47.9419 -512.726 0 0 1
609.159 -47.9419 -512.726 0 0 0
609.159 -47.9419 -512.726 0 0 -1
609.159 -47.9419 -512.726 0 0 -2
609.159 -47.9419 -512.726 0 0 -3
609.159 -47.9419 -512.726 0 0 -4
609.159 -47.9419 -512.726 0 0 -5
609.159 -47.9419 -512.726 0 4 7
609.159 -47.9419 -512.726 0 4 6
609.159 -47.9419 -512.726 0 4 5
609.159 -47.9419 -512.726 0 4 4
609.159 -47.9419 -512.726 0 4 3
609.159 -47.9419 -512.726 0 4 2
609.159 -47.9419 -512.726 0 4 1
609.159 -47.9419 -512.726 0 4 0
609.159 -47.9419 -512.726 0 4 -1
609.159 -47.9419 -512.726 0 4 -2
609.159 -47.9419 -512.726 0 4 -3
609.159 -47.9419 -512.726 0 -5 5
609.159 -47.9419 -512.726 0 -5 4
609.159 -47.9419 -512.726 0 -5 3
609.159 -47.9419 -512.726 0 -5 2
609.159 -47.9419 -512.726 0 -5 1
609.159 -47.9419 -512.726 0 -5 0
609.159 -47.9419 -512.726 0 -5 -1
609.159 -47.9419 -512.726 0 -5 -2
609.159 -47.9419 -512.726 0 -5 -3
609.159 -47.9419 -512.726 0 -5 -4
609.159 -47.9419 -512.726 0 -5 -5