1.79156 1.8026 2.43538 2.4819
1.80132 1.83364 2.4367 2.52459
1.78128 1.85433 2.4188 2.52716
1.78963 1.83046 2.3921 2.56052
1.83021 1.87099 2.41162 2.66128
1.78981 1.83689 2.37248 2.58971
1.85164 1.95594 2.35799 2.63225
1.80394 1.91202 2.39845 2.68897
1.76365 1.85736 2.33188 2.4819
1.76037 1.87141 2.31752 2.52459
1.73742 1.86232 2.33316 2.52716
1.76893 1.89828 2.33542 2.56052
1.82703 1.96155 2.36795 2.66128
1.75711 1.8026 1.91686 2.34568
1.76453 1.83364 2.0703 2.27592
1.77079 1.85433 1.94677 2.31823
1.75027 1.83046 1.92747 2.27753
1.74977 1.87099 1.93509 2.25406
1.75155 1.83689 1.91411 2.24193
1.73911 1.85164 1.95819 2.24923
1.78468 1.91202 2.03358 2.30736
1.74048 1.79156 1.85736 1.96654
1.73841 1.80132 1.87141 1.98132
1.76109 1.78128 1.86232 1.98955
1.76559 1.78963 1.89828 1.99094
1.7881 1.83021 1.96155 2.0419
1.78324 1.78981 1.91686 2.01147
1.91624 1.95594 2.0703 2.16996
1.78015 1.80394 1.94677 2.05379
1.75475 1.76365 1.92747 2.02328
1.74019 1.76037 1.93509 2.02808
1.73742 1.74196 1.91411 2.05555
1.74958 1.76893 1.95819 2.07197
1.8048 1.82703 2.03358 2.12576
1.74204 1.75711 1.96654 2.10778
1.75276 1.76453 1.98132 2.06798
1.77079 1.77658 1.98955 2.11977
1.75027 1.76011 1.99094 2.09765
1.74977 1.76361 2.0419 2.09268
1.75155 1.80428 2.01147 2.0982
1.73911 1.73958 2.11194 2.11326
1.77283 1.78468 2.05379 2.18528
1.74048 1.75729 2.02328 2.106
1.73841 1.74221 2.02808 2.10552
1.76109 1.76228 2.05555 2.14914
1.76559 1.77329 2.07197 2.119
1.7881 1.84448 2.12576 2.14083
1.78123 1.78324 2.10778 2.16278
1.77385 1.91624 2.06798 2.08674
1.78015 1.7947 2.11668 2.11977
1.75475 1.78477 2.09765 2.12386
1.74019 1.74391 2.06071 2.09268
1.74196 1.75682 2.07525 2.0982
1.74958 1.76058 2.11326 2.13423
1.8048 1.83972 2.18528 2.23003
1.74204 1.76404 2.10432 2.11994
1.75276 1.76911 2.11474 2.13765
1.77658 1.80497 2.10901 2.16924
1.76011 1.78986 2.09086 2.16515
1.76361 1.81928 2.04102 2.19156
1.80428 1.83498 2.07483 2.20773
1.73958 1.77344 2.06462 2.1524
1.77283 1.80692 2.20427 2.20583
1.75729 1.82041 2.0574 2.18121
1.74221 1.7677 2.0281 2.15683
1.76228 1.78518 2.11768 2.18552
1.77329 1.83237 2.07935 2.18143
1.84448 1.91316 2.13797 2.24727
1.78123 1.81399 2.17552 2.19883
1.77385 1.83706 2.10611 2.15058
1.7947 1.83412 2.11702 2.18728
1.78477 1.82156 2.16103 2.16582
1.74391 1.77715 2.00231 2.10424
1.75682 1.82314 2.05431 2.11575
1.76058 1.81155 2.11194 2.11375
1.83972 1.89625 2.1181 2.21658
1.76404 1.81759 2.106 2.13473
1.76911 1.79582 2.07992 2.10552
1.80497 1.8606 2.09087 2.14914
1.78986 1.846 2.07647 2.119
1.81928 1.92816 2.03509 2.14083
1.83498 1.92211 2.04883 2.16278
1.77344 1.89242 2.08674 2.11244
1.80692 1.90087 2.10946 2.11668
1.82041 1.92864 2.12386 2.13253
1.7677 1.8004 1.97346 2.06071
1.78518 1.84529 2.07525 2.15409
1.83237 1.87473 2.13423 2.16221
1.91316 1.92344 2.11576 2.23003
1.81399 1.90226 2.10432 2.13085
1.83706 1.86913 2.09434 2.11474
1.83412 1.89599 2.03495 2.10901
1.82156 1.88429 2.09086 2.16348
1.77715 1.87142 2.01298 2.04102
1.82314 1.87135 2.05475 2.07483
1.81155 1.91708 2.06462 2.1365
1.89625 1.91973 2.08992 2.20427
1.81759 1.98336 2.0574 2.18609
1.79582 1.82082 2.0281 2.09571
1.8606 1.93017 2.11278 2.11768
1.846 2.00321 2.07935 2.13392
1.92816 1.95891 2.05328 2.13797
1.92211 1.93961 2.08333 2.19883
1.89242 1.93252 2.10611 2.17821
1.90087 1.906 2.08682 2.11702
1.92864 1.96027 2.16103 2.20629
1.8004 1.87379 1.98915 2.00231
1.84529 1.91386 2.05431 2.18188
1.87473 1.95125 2.11375 2.23605
1.92344 1.95713 2.1181 2.12171
1.90226 1.98125 2.13345 2.13473
1.86913 1.92207 2.07992 2.13529
1.89599 1.97439 2.02591 2.09087
1.88429 1.9896 2.07647 2.25526
1.87142 1.91784 2.03098 2.03509
1.87135 1.99713 2.04883 2.09158
1.91708 2.04234 2.11244 2.15907
1.91973 1.97063 2.10946 2.1714
1.98336 2.08116 2.13253 2.20837
1.82082 1.88737 1.97346 2.04204
1.93017 1.99971 2.15409 2.17476
2.00321 2.04743 2.1576 2.16221
1.95891 2.00901 2.09653 2.11576
1.93961 2.01055 2.12783 2.13085
1.93252 2.00087 2.09434 2.23214
1.906 1.93235 2.03495 2.06227
1.96027 2.07073 2.16348 2.29655
1.87379 1.94786 2.01298 2.02334
1.91386 1.98752 2.05475 2.18196
1.95125 2.03893 2.1365 2.25195
1.95713 2.05798 2.08992 2.23086
1.98125 2.09608 2.15655 2.18609
1.92207 1.94199 2.09571 2.1323
1.97439 2.06933 2.07859 2.11278
1.9896 2.08294 2.13392 2.24107
1.91784 2.05328 2.06694 2.16424
1.99713 2.04589 2.05179 2.08333
2.04234 2.08952 2.17821 2.20305
1.97063 1.9909 2.08682 2.15072
2.08116 2.13881 2.20629 2.23924
1.88737 1.9618 1.98915 2.05488
1.99971 2.05065 2.18188 2.23881
2.04743 2.10285 2.19981 2.23605
2.00901 2.12171 2.12282 2.2019
2.01055 2.0816 2.12697 2.13345
2.00087 2.03829 2.13529 2.2639
1.93235 2.02591 2.03901 2.05196
2.07073 2.11717 2.25526 2.32955
1.94786 2.03098 2.03146 2.09842
1.98752 2.00394 2.06552 2.09158
2.03893 2.14341 2.15907 2.17263
2.05798 2.07579 2.1714 2.20854
2.09608 2.15408 2.17642 2.20837
1.94199 1.986 2.04204 2.06523
2.06933 2.12863 2.1419 2.17476
2.08294 2.14662 2.1576 2.21558
2.06694 2.09653 2.15859 2.17767
2.04589 2.08109 2.08797 2.12783
2.08952 2.14586 2.23214 2.33724
1.9909 2.00369 2.06227 2.17879
2.13881 2.21398 2.29655 2.3038
1.9618 1.99626 2.02334 2.07162
2.05065 2.06064 2.18196 2.23871
2.10285 2.12266 2.13853 2.25195
2.12282 2.14671 2.23086 2.32417
2.0816 2.12294 2.12694 2.15655
2.03829 2.04915 2.1323 2.25481
2.05196 2.06366 2.07859 2.11267
2.11717 2.16015 2.20747 2.24107
2.08941 2.09842 2.13563 2.16424
2.00394 2.05179 2.05193 2.05726
2.14341 2.1499 2.20305 2.26644
2.07579 2.10196 2.15072 2.19153
2.17642 2.18587 2.23924 2.25458
1.986 2.03525 2.05488 2.05534
2.1419 2.16316 2.16539 2.23881
2.14639 2.14662 2.16708 2.19981
2.15859 2.17609 2.2019 2.27972
2.08109 2.10488 2.10704 2.12697
2.14586 2.16658 2.18038 2.2639
2.00369 2.03585 2.03901 2.07548
2.20757 2.21398 2.23119 2.32955
1.99626 2.03146 2.07637 2.08399
2.04171 2.06064 2.06552 2.13535
2.12266 2.12495 2.14938 2.17263
2.14671 2.16072 2.20854 2.22861
2.12294 2.14264 2.15408 2.1711
2.03685 2.04915 2.06523 2.26872
2.11267 2.12863 2.12868 2.1367
2.16015 2.16411 2.18501 2.21558
2.13563 2.15643 2.15771 2.17767
2.05726 2.06594 2.07497 2.08797
2.24095 2.25228 2.26644 2.33724
2.10196 2.10934 2.12657 2.17879
2.24006 2.25458 2.3038 2.31901
2.03525 2.05708 2.05953 2.07162
2.16539 2.1801 2.21882 2.23871
2.09972 2.11907 2.13853 2.14639
2.23313 2.27972 2.31051 2.32417
2.10488 2.11382 2.12694 2.19459
2.16658 2.16823 2.18759 2.25481
2.03585 2.04895 2.06309 2.06366
2.19162 2.20747 2.20757 2.24737
2.06979 2.07637 2.08438 2.08941
2.03881 2.04171 2.05193 2.09921
2.12495 2.1499 2.15247 2.19301
2.16072 2.16298 2.18729 2.19153
2.14208 2.14264 2.18587 2.30214
2.03685 2.0382 2.05534 2.07291
2.1367 2.14349 2.16316 2.17287
2.14264 2.16411 2.16708 2.16972
2.15523 2.15771 2.17609 2.20281
2.06594 2.07792 2.09439 2.10704
2.15843 2.18038 2.19134 2.24095
2.07199 2.07548 2.07813 2.10934
2.23119 2.24006 2.28097 2.31303
2.05429 2.05953 2.08399 2.08816
2.09977 2.13535 2.14514 2.1801
2.08254 2.09972 2.1106 2.14938
2.20123 2.22861 2.23313 2.32529
2.05265 2.11382 2.13004 2.1711
2.16823 2.20027 2.2245 2.26872
2.04895 2.06259 2.08736 2.12868
2.11429 2.17566 2.18501 2.19162
2.06979 2.07369 2.09394 2.15643
2.02881 2.03881 2.0639 2.07497
2.18 2.19301 2.25228 2.49359
2.10535 2.12657 2.13379 2.16298
2.12326 2.14208 2.26045 2.31901
2.02276 2.0382 2.05708 2.10342
2.07258 2.12082 2.14349 2.21882
2.09433 2.11907 2.14264 2.23171
2.1193 2.15523 2.20247 2.31051
1.98473 2.0499 2.07792 2.19459
2.15843 2.17737 2.18759 2.25477
1.97646 2.02239 2.06309 2.07199
2.07063 2.14628 2.24737 2.28097
2.01776 2.05429 2.06759 2.08438
2.07807 2.09921 2.09977 2.22649
1.99605 2.04983 2.08254 2.15247
2.16444 2.18729 2.20123 2.31605
1.98273 2.05265 2.07742 2.30214
2.07291 2.10605 2.10899 2.20027
2.05602 2.06259 2.1717 2.17287
2.11429 2.14233 2.16671 2.16972
2.06878 2.07369 2.17719 2.20281
2.02251 2.02881 2.09001 2.09439
2.09891 2.18 2.19134 2.40495
2.07418 2.07813 2.08524 2.10535
2.08181 2.12326 2.16692 2.31303
1.98655 2.02276 2.08816 2.10641
2.05928 2.07258 2.14514 2.16689
1.99028 2.09433 2.1106 2.23185
2.05562 2.1193 2.13866 2.32529
1.92696 1.98473 2.01011 2.13004
2.04945 2.12834 2.17737 2.2245
1.95503 1.97646 2.08736 2.08833
2.00831 2.07063 2.17566 2.22814
1.99173 2.01776 2.09394 2.1124
2.03571 2.0639 2.07807 2.13027
1.93987 1.99605 2.0293 2.49359
2.09112 2.13379 2.16444 2.17705
1.96662 1.98273 2.15959 2.26045
1.90814 2.0174 2.10342 2.10605
2.05602 2.05763 2.11503 2.12082
1.96559 2.04196 2.16671 2.23171
1.99434 2.06878 2.15587 2.20247
1.88108 2.00245 2.02251 2.0499
1.99881 2.09891 2.16225 2.25477
1.90262 2.01071 2.02239 2.07418
2.03503 2.08181 2.11553 2.14628
1.96648 1.98655 2.06759 2.11514
1.90325 2.03978 2.05928 2.22649
1.92443 1.99028 2.04983 2.11126
1.98116 2.05562 2.13352 2.31605
1.8529 1.92696 2.00683 2.07742
2.01206 2.04945 2.08124 2.10899
1.91929 1.95503 2.07371 2.1717
2.00831 2.08799 2.14233 2.25757
1.94176 1.99173 2.09783 2.17719
1.87815 2.01195 2.03571 2.09001
1.88605 1.93987 2.00814 2.40495
1.98954 2.08524 2.09112 2.11083
1.96026 1.96662 2.13745 2.16692
1.86531 1.90814 2.05742 2.10641
1.87059 2.02122 2.05763 2.16689
1.80119 1.96275 1.96559 2.23185
1.99008 1.99434 2.13866 2.22817
1.85287 1.88108 2.00337 2.01011
1.94641 1.99881 2.12493 2.12834
1.84009 1.90262 2.00146 2.08833
1.83957 2.0199 2.03503 2.22814
1.87337 1.96648 2.1041 2.1124
1.85022 1.90325 2.03389 2.13027
1.85328 1.92443 2.0293 2.05568
1.96248 1.98116 2.17705 2.25217
1.82712 1.8529 2.00805 2.15959
1.83368 2.01206 2.01579 2.0174
1.89958 1.91929 2.11394 2.11503
1.83189 2.00232 2.04196 2.08799
1.86342 1.94176 2.07765 2.15587
1.78691 1.87815 1.99447 2.00245
1.86957 1.88605 2.10181 2.16225
1.87145 1.98954 2.01071 2.07215
1.88621 1.96026 2.06904 2.11553
1.84636 1.86531 2.07939 2.11514
1.80032 1.87059 2.03156 2.03978
1.77514 1.80119 2.02381 2.11126
1.88295 1.99008 2.13352 2.14944
1.747 1.85287 1.98219 2.00683
1.91423 1.94641 2.08124 2.12029
1.81643 1.84009 2.07371 2.07712
1.76943 1.83957 2.02106 2.25757
1.82952 1.87337 2.09783 2.22837
1.78219 1.85022 2.01195 2.04621
1.79088 1.85328 2.00814 2.05805
1.88653 1.96248 2.11083 2.18071
1.81134 1.82712 2.10257 2.13745
1.75048 1.83368 2.02188 2.05742
1.81565 1.89958 2.02122 2.10418
1.70818 1.83189 1.96275 1.99216
1.80609 1.86342 2.14389 2.22817
1.74697 1.78691 2.00337 2.04423
1.84264 1.86957 2.12493 2.1789
1.76775 1.87145 2.00146 2.10385
1.7424 1.88621 2.0199 2.08074
1.78796 1.84636 2.07941 2.1041
1.76828 1.80032 2.03389 2.09972
1.74792 1.77514 2.05568 2.07995
1.79451 1.88295 2.13943 2.25217
1.73861 1.747 2.00805 2.06257
1.77478 1.91423 2.01579 2.12516
1.78448 1.81643 2.11394 2.14806
1.7608 1.76943 2.00232 2.09612
1.8192 1.82952 2.07765 2.17941
1.74435 1.78219 1.99447 2.14029
1.77642 1.79088 2.10181 2.16175
1.79957 1.88653 2.07215 2.20257
1.79239 1.81134 2.06904 2.19518
1.74201 1.75048 2.07939 2.15746
1.75585 1.81565 2.03156 2.17422
1.70628 1.70818 2.02381 2.08769
1.76043 1.80609 2.14944 2.18728
1.70398 1.74697 1.98219 2.12594
1.83531 1.84264 2.12029 2.25503
1.76173 1.76775 2.07712 2.19246
1.72839 1.7424 2.02106 2.15783
1.71503 1.78796 2.07494 2.10989
1.75815 1.76828 2.04621 2.13938
1.7405 1.74792 2.05805 2.095
1.78276 1.79451 2.16703 2.18071
1.73861 1.75027 2.10257 2.10389
1.71038 1.77478 2.02188 2.14189
1.7707 1.78448 2.10418 2.13652
1.66673 1.7608 1.99216 2.08625
1.72023 1.8192 2.0567 2.14389
1.71706 1.74435 2.04423 2.10487
1.77642 1.79369 2.1042 2.1789
1.78407 1.79957 2.10385 2.11064
1.76102 1.79239 2.08034 2.08074
1.72172 1.74201 1.99368 2.07494
1.75585 1.76216 2.06977 2.09972
1.70628 1.7607 2.00319 2.07995
1.75556 1.76043 2.03762 2.13943
1.70398 1.73506 1.98694 2.06257
1.83264 1.83531 2.07563 2.12516
1.76173 1.78809 2.03891 2.13652
1.72839 1.74398 2.00558 2.08625
1.71503 1.73295 2.00154 2.0567
1.75815 1.78558 2.01726 2.10487
1.7405 1.77001 1.99606 2.1042
1.78276 1.79228 1.99331 2.11064
1.75027 1.78571 1.98226 2.08034
1.68876 1.71038 1.89162 1.99368
1.7707 1.79845 1.99279 2.06977
1.66673 1.73273 1.89966 2.00319
1.72023 1.76388 1.91546 2.03762
1.71706 1.7621 1.96096 1.98694
1.79369 1.84055 1.98979 2.07563
1.78407 1.81222 1.94905 2.03891
1.76102 1.79846 1.92696 2.00558
1.71342 1.72172 1.79504 2.00154
1.76216 1.84252 1.92183 2.01726
1.7607 1.87335 1.91122 1.99606
1.75556 1.82268 1.87485 1.99331
1.73506 1.86404 1.98226 2.22488
1.83264 1.89162 1.95043 2.18729
1.78809 1.89832 1.99279 2.29451
1.74398 1.8469 1.89966 2.19434
1.73295 1.81981 1.91546 2.22858
1.78558 1.87968 1.96096 2.29404
1.77001 1.90372 1.98979 2.31931
1.79228 1.8553 1.94905 2.34597
1.78571 1.92696 2.32978 2.61608
1.68876 1.79504 2.25148 2.45622
1.79845 1.92183 2.3512 2.61612
1.73273 1.91122 2.29423 2.63255
1.76388 1.87485 2.35324 2.53188
1.7621 1.86404 2.32754 2.67557
1.84055 1.95043 2.41534 2.67511
1.81222 1.89832 2.41752 2.66017
1.79846 1.8469 2.38714 2.61608
1.71342 1.81981 2.37098 2.45622
1.84252 1.87968 2.47106 2.61612
1.87335 1.90372 2.50698 2.64428
1.82268 1.8553 2.47561 2.53188
