0.737245 1.48012 1.67136 2.02907
0.430736 0.938373 1.35653 2.88755
1.39187 1.72814 1.76512 1.7766
0.842893 2.35891 2.58784 2.64844
1.19624 1.36889 2.26094 3.0774
0.885198 2.02296 2.08627 2.21698
0.250503 1.25489 1.46104 1.77343
0.721791 2.86244 2.88976 3.07002
0.691089 0.706426 1.32373 1.43365
1.23827 1.73559 2.19398 2.29237
0.514519 0.860933 1.55969 2.46954
2.32691 3.16037 3.41148 3.81414
1.211 1.46503 2.30151 3.90967
1.14372 1.33151 2.80139 3.02223
1.26352 1.48375 1.68798 1.98909
0.944811 2.15316 3.24175 3.36259
0.59786 1.67867 1.77719 1.98865
0.799621 2.06436 2.53305 3.80302
1.10987 1.17144 1.60651 1.70549
0.429075 1.48658 2.25861 2.4925
2.14955 2.17834 2.81639 3.28558
1.19624 1.58718 2.53128 3.07173
0.908926 1.06476 2.2218 2.28414
1.07308 1.56987 2.75966 2.88397
0.842893 1.88463 2.24524 2.47175
1.48658 1.72004 1.76802 1.82554
0.944811 2.30002 2.42704 3.06413
1.19234 2.10343 2.70913 3.47515
0.429075 1.72004 2.18025 2.91259
0.549573 2.00387 3.3514 3.38378
1.8952 2.11538 2.64039 2.73358
0.691089 1.07672 1.29088 1.30913
0.514331 1.06568 1.33993 1.83439
0.707867 0.917502 1.57398 1.72814
1.19234 1.94405 2.31953 2.56486
0.342817 0.509767 1.95343 2.23978
0.914806 1.49004 1.69942 1.82787
1.77184 1.7736 2.96554 3.69301
1.35539 2.73358 2.84447 3.08916
0.583032 0.942459 1.11221 2.12524
1.68936 1.75058 3.66645 4.06188
0.261969 1.03062 1.29008 1.69942
0.514331 0.971699 1.44223 2.06823
0.468128 0.634842 1.16222 1.17562
0.23338 1.35124 2.17901 2.27361
1.18684 1.50385 2.72615 2.92605
0.612845 1.64424 3.16408 3.63033
1.40428 2.10635 2.24006 2.28147
1.40937 1.55264 2.38673 3.46846
1.71688 2.30151 2.55214 2.9697
1.35198 1.84414 2.29637 2.38642
1.29494 1.43893 1.71204 2.03919
0.730812 0.767085 2.04756 2.15237
1.8443 2.81915 3.61383 3.67119
1.16855 1.32636 1.46984 1.48012
0.40469 1.68936 3.09708 3.86133
0.914806 0.975489 2.01617 2.12809
1.211 1.91047 2.55214 3.07794
0.860933 0.948218 2.27226 3.15612
2.11538 2.84447 2.86793 2.91772
1.8443 2.62659 2.82998 4.20738
1.11531 1.55969 1.9775 2.27226
0.342817 0.828001 2.12013 2.41121
2.31815 2.80139 2.82998 3.09583
0.375188 1.34223 1.46984 2.02907
1.52063 2.73878 3.01759 3.40663
2.14958 2.23658 2.27361 2.47263
1.07802 1.22544 1.29494 1.50772
1.37803 2.32939 2.33963 2.53025
1.94405 2.03302 2.10343 2.37588
0.840369 0.945876 1.16222 2.30185
0.812815 1.16741 1.55264 2.62209
0.633892 0.692442 1.23294 1.75402
0.380014 1.55849 1.74912 1.88463
1.68469 1.94466 3.06923 3.07002
0.77226 1.12368 1.23294 1.85726
0.344241 0.621734 1.18029 2.02476
0.324081 0.886052 1.77343 1.81161
0.92798 1.48177 2.07293 2.46679
0.744985 1.32139 3.36423 3.38072
1.56987 2.02165 2.23545 3.25221
0.319556 1.94466 2.61881 3.00607
1.52063 1.9483 2.06077 2.4424
1.4323 1.57152 1.955 2.07195
1.28424 1.37803 1.82669 2.14939
0.678297 1.44856 1.45709 1.82669
1.16214 2.78126 3.0861 3.33012
0.334127 1.29008 1.54927 2.62806
0.654844 0.997617 1.18029 1.68328
1.97055 2.86476 3.82805 3.841
0.76472 1.16882 1.91328 2.4789
0.261969 1.29225 1.49004 1.54927
0.442793 1.16882 2.35065 2.57676
0.40469 1.75058 3.3121 3.63923
1.46503 1.91047 3.75213 4.18387
1.57635 1.8952 2.83103 2.91772
2.30701 2.6557 2.75375 3.27775
1.8315 2.47463 2.75638 2.83017
1.07802 1.12751 1.56788 2.04099
1.82313 1.93584 2.00896 2.14734
0.324081 0.943795 1.79088 2.0018
0.1407 1.76802 2.63355 2.83189
0.812815 1.01004 1.40937 2.96957
0.610139 2.06856 2.30959 3.13937
0.304606 2.23978 2.30002 2.3108
1.6999 1.95348 2.14958 2.57676
1.35124 1.58375 1.95348 2.70913
1.32139 2.00164 3.63921 3.87335
0.778489 1.50097 2.43436 3.49144
0.635319 2.49939 2.78126 3.06923
0.274579 0.883797 1.22014 1.38756
0.665833 1.35653 1.61138 1.78106
1.07672 1.43365 1.76446 1.93424
1.21155 2.12713 2.29185 2.39671
2.05299 2.65762 2.90006 2.98306
0.942481 2.53477 3.20417 3.38008
0.228059 0.606811 0.952239 1.23043
0.304606 1.95343 2.04342 2.12013
1.96515 2.00387 2.19593 2.60928
1.40525 1.82266 2.14535 2.28147
0.913552 1.23043 1.3649 1.43768
1.91365 2.79661 2.87274 2.95811
0.92798 1.30913 1.70875 1.72798
1.92844 2.30701 2.40792 4.21575
1.93584 2.12493 2.14535 2.30576
1.48237 1.6663 1.84414 2.06065
0.906744 0.952239 1.18473 1.7931
0.598278 2.4944 2.60585 2.84287
0.509767 0.828001 2.04342 2.2791
1.12368 1.12875 1.75402 2.08054
0.631305 0.706426 1.25092 1.29088
0.587238 0.707867 1.89414 2.24016
0.333002 0.719535 1.82313 2.33358
1.35198 2.11651 2.1842 2.34165
0.430736 1.30726 1.78106 3.28218
1.55327 1.7931 1.79607 2.01752
0.710711 1.00378 1.00908 2.46679
1.51258 2.54986 3.15214 3.77579
2.11651 2.68057 2.89733 3.23465
0.468128 0.800914 0.840369 1.58317
1.60518 1.74889 2.03302 2.83699
1.51535 1.9031 2.9697 3.0861
1.53421 2.4789 2.61881 2.62146
0.549573 1.96515 2.94243 3.4956
0.425893 1.16418 1.38756 1.62261
2.14434 2.22225 2.22339 2.62384
1.49855 2.28358 2.87127 3.09708
0.754018 0.758876 0.883797 1.79997
0.619637 0.621734 0.654844 2.00086
0.304274 2.08803 2.70645 3.23437
1.18684 2.01824 2.47068 3.15508
0.497936 0.589538 1.56788 1.77979
0.95815 1.64519 2.21575 2.43985
2.86793 3.30471 3.59715 3.62948
1.61691 2.21437 2.46457 2.68071
1.1394 1.16418 1.57398 1.58742
0.610139 1.83578 2.09017 2.54986
2.62659 2.70219 2.81915 3.38378
0.333002 0.706738 2.0699 2.14734
0.730812 1.25795 1.43893 1.50772
0.975489 1.18479 1.55912 1.82787
0.635319 2.99415 3.0547 3.13836
1.02028 1.97055 3.09268 3.4143
0.979509 2.06436 2.14335 2.62218
2.90738 3.1073 3.11909 3.13873
0.344241 0.619637 0.997617 1.68674
0.425893 1.39401 1.57152 1.58742
1.58718 2.26094 2.7347 3.1912
0.380014 1.31648 1.37567 1.87657
1.03779 1.40428 1.61324 2.74445
0.156899 2.20921 3.41704 3.46846
1.71688 1.88229 1.9031 3.59648
1.98171 2.06295 2.28358 2.32691
1.84772 2.89695 3.20417 3.2502
1.36889 2.08469 2.5147 2.53128
0.50043 1.9863 2.65659 3.02992
2.1842 2.21688 2.49839 2.54119
0.438245 0.710711 1.41164 2.46457
2.47263 2.89937 3.00696 3.21641
0.514519 0.948218 1.9775 2.76483
1.05831 1.4323 1.79997 1.90126
0.598278 2.06354 2.07658 2.62209
0.770185 1.03779 2.10635 2.44461
0.706738 0.719535 2.00896 2.21357
0.631305 0.996174 1.32373 1.43843
1.1394 1.4695 1.62261 1.76512
0.767085 1.25795 2.07154 2.59073
0.250503 1.40463 1.46201 1.81161
0.156899 2.09364 3.2724 3.62372
0.821096 1.92844 3.82579 3.84397
1.49855 1.98171 3.16037 3.5379
0.88661 1.68798 2.10082 2.21437
0.665833 0.938373 1.30726 1.97951
1.88706 3.07173 3.26582 3.37669
0.411792 0.606811 1.18473 1.43768
0.778489 1.74259 2.72008 3.53932
0.913552 0.95815 1.27333 1.49333
1.37567 1.4577 1.74912 1.76446
1.91365 2.44686 2.64843 3.799
0.886052 0.943795 1.25489 1.40463
0.678297 0.901271 1.42449 1.48237
0.442793 0.76472 2.25941 2.7768
1.04356 2.61402 2.76573 3.41627
1.68586 2.79544 3.02992 3.08776
2.68001 3.37577 3.53932 3.82524
2.19236 2.31953 2.37361 2.42696
0.721791 2.2196 3.09604 3.14329
0.971699 1.33993 1.74922 2.29185
1.00908 1.38413 1.41164 2.62651
0.587238 0.917502 1.39187 1.95006
2.06856 2.09017 3.7369 3.77579
2.33963 2.75375 3.04899 3.88228
0.885198 1.24152 1.65951 1.73559
1.79088 1.86325 2.07565 2.96131
0.23338 1.58375 1.94751 2.23658
0.50043 2.43136 2.48485 2.83714
0.319556 1.68469 2.62146 3.25183
1.05632 1.23827 1.24152 1.24237
1.68586 1.87657 1.91381 2.14639
1.64424 2.02146 2.07658 2.38748
1.9863 2.48485 3.40416 3.91598
0.612845 2.02146 3.06256 3.59127
2.44686 2.59253 2.95811 3.43167
2.08069 3.07447 3.08734 3.27968
1.01004 1.16741 2.06354 2.38673
0.1407 1.82554 2.57543 2.8096
0.942481 2.89695 3.07211 3.20176
3.05217 3.21585 3.41757 4.1771
1.16214 2.49939 3.0547 3.15612
0.416961 1.17144 1.57228 2.55775
1.14372 1.94751 2.17901 2.38597
0.744985 2.00164 2.82458 2.93964
0.650176 2.31904 2.61094 2.70645
1.60651 1.61756 1.9128 2.27452
1.74889 2.0699 2.15033 2.33358
0.228059 0.411792 0.906744 1.3649
0.692442 1.12591 1.85726 2.08054
1.8315 2.88976 3.06665 3.14329
0.583032 1.24771 1.36817 2.02296
1.51535 1.88229 3.06665 3.5278
1.18479 1.38338 2.12809 2.22641
1.51258 1.83578 2.30959 2.977
1.04356 2.70219 3.41734 3.50046
0.186079 0.942459 1.24237 1.24771
0.821096 2.40792 3.91737 4.15906
2.2196 2.47463 2.66216 2.86244
0.770185 1.61324 1.82266 2.24006
0.634842 0.800914 0.945876 1.56383
1.31648 1.4577 1.48177 1.55849
1.16279 1.17562 1.56383 1.57228
0.908926 1.10757 1.38338 1.55912
1.02028 2.86476 3.03923 3.58823
1.75356 2.06295 2.87127 3.5379
0.589538 1.0626 1.12751 1.22544
1.57635 1.71475 2.47068 2.64039
2.61533 2.67149 3.40602 3.46502
1.13266 2.61994 2.83248 3.25064
0.274579 0.758876 1.26276 1.6581
0.633892 0.77226 1.12591 1.12875
1.41689 1.86101 2.79066 2.79821
1.46104 1.46201 1.48767 2.14335
1.75356 2.59253 2.64843 3.63923
0.416961 1.10987 1.16279 2.27758
1.40525 1.84772 2.51911 3.09986
0.186079 1.05632 1.11221 1.36817
0.737245 1.01432 1.32636 1.34223
0.438245 1.00378 1.38413 2.79724
2.59885 2.67146 2.81653 2.87408
0.497936 1.0626 2.04099 2.08469
0.334127 1.03062 1.29225 2.60987
1.07308 2.02165 3.37577 3.43824
1.61756 2.23783 2.75003 2.89795
1.4695 2.37361 2.59372 2.63729
0.754018 1.05831 1.22014 1.26276
1.06476 1.10757 2.22641 2.2946
1.03155 1.87624 2.1516 2.34777
0.650176 1.97271 2.08803 2.76032
1.03155 1.68328 1.68674 2.00086
1.71475 2.60928 2.79262 2.83103
1.10707 1.14629 1.28424 1.42449
0.88661 1.61691 2.33066 2.87408
0.375188 1.01432 1.16855 1.67136
0.979509 1.48767 2.4842 2.53305
1.35539 2.19593 2.2946 3.05426
1.13266 1.61138 1.97951 2.79661
1.63216 1.77184 1.86101 2.08069
1.11531 1.66039 2.30576 2.46954
1.50097 1.74259 2.67149 2.68001
2.09364 2.20921 2.80495 3.21728
1.50385 1.94516 2.01824 2.4925
1.60518 2.21357 2.36316 2.62169
1.53421 1.6999 1.91328 2.25941
2.75638 2.89751 3.223 3.28558
0.59786 1.25092 1.43843 1.56578
0.996174 1.26352 1.61646 1.96501
0.304274 1.97271 2.61094 3.07794
0.799621 2.70346 3.28779 3.47539
1.06568 1.44223 1.74922 2.00285
2.15033 2.19236 2.37588 2.39671
1.33151 2.31815 2.38597 2.52781
1.21155 2.02892 2.06823 2.3231
1.66039 2.12493 2.31555 2.84612
1.88706 2.22339 2.23545 3.45352
2.15316 2.99823 3.0424 3.06413
1.10707 1.38051 2.06077 2.13438
2.31904 2.76032 3.44536 3.59648
1.41689 1.63216 1.7736 2.49839
0.901271 1.14629 1.38051 1.44856
2.7347 2.84566 2.84735 3.14664
