0.475658 -0.488273 0.731669
0.638468 0.0880276 0.764598
-0.671385 0.297543 -0.678756
-0.252451 0.27602 -0.927406
0.822416 -0.0254025 -0.568319
0.185327 0.30015 -0.935716
-0.602438 -0.786678 0.13493
0.360611 0.13081 0.923498
0.567616 -0.166599 -0.806261
-0.381353 -0.666502 0.640582
-0.198433 0.884526 0.422183
0.784559 0.481025 -0.391256
0.166084 -0.448239 -0.878349
0.724638 -0.205408 -0.657805
0.278459 -0.472867 -0.835977
0.112895 0.980853 -0.15869
0.99927 0.017136 0.0341378
0.4038 0.89437 0.192475
-0.836919 0.474755 0.272349
-0.040091 0.149563 0.987939
0.649392 0.555107 -0.519756
-0.668012 0.0245171 0.743746
0.783123 0.558797 -0.27288
0.0146794 -0.654448 0.755965
0.498216 -0.54628 -0.67332
-0.73937 -0.50663 -0.443462
-0.350784 -0.114549 -0.929424
-0.419165 0.415975 0.80701
-0.650862 -0.733419 0.19615
0.303362 -0.430126 -0.850273
-0.880124 0.030432 0.473767
-0.146948 -0.870476 0.469764
0.836271 0.0382419 -0.546981
-0.791956 -0.397777 -0.463227
-0.691229 -0.0495174 0.720937
-0.748283 0.633374 -0.197255
-0.716942 -0.518268 -0.466254
-0.993408 0.071441 0.0896438
-0.955588 -0.276788 0.10119
0.796902 0.435767 -0.418394
0.324519 0.298614 -0.897506
-0.549591 0.373301 -0.747393
-0.663792 0.15822 -0.73099
-0.741867 0.609351 -0.279865
-0.606045 -0.366315 0.706062
-0.392699 -0.000164827 -0.919667
-0.832219 0.223728 0.507304
-0.0886138 -0.264876 -0.960202
0.855034 -0.479349 -0.19784
-0.926986 -0.24001 0.288258
0.625999 0.0314948 -0.779187
0.787303 0.607708 0.10414
-0.750634 0.32977 0.572539
-0.543744 0.414421 -0.729793
0.680829 -0.410376 -0.606682
-0.771936 0.6298 0.0864074
0.324715 0.0982616 -0.940694
-0.901879 -0.298306 -0.312454
0.878381 -0.0749973 0.472041
0.190762 0.688814 -0.699389
0.836228 -0.452109 0.310354
0.339997 0.869992 0.357093
0.246119 0.373583 -0.894349
0.531199 -0.84551 -0.0542206
-0.462948 -0.875172 -0.140546
-0.378032 -0.882256 -0.280565
-0.895286 0.399422 -0.197293
0.378819 -0.567397 0.731134
-0.333992 0.259163 -0.906247
-0.322056 -0.0554718 -0.945094
0.850992 0.505241 0.143332
-0.868656 0.227045 0.440326
0.482532 0.847884 0.219671
0.142743 0.984841 -0.098556
-0.898814 -0.407942 0.160363
-0.91317 0.402134 -0.0663967
0.145319 0.950707 -0.273932
-0.586389 -0.35892 0.726171
-0.927253 0.350919 0.130607
0.321925 -0.490156 0.810007
0.272298 -0.958109 0.0887731
-0.667746 0.717501 0.198263
-0.37551 -0.917439 -0.13152
0.413682 -0.842643 -0.344703
-0.637919 0.720095 -0.27299
0.748357 -0.378402 -0.544769
0.44352 0.287726 -0.848825
0.89438 -0.352887 0.274873
-0.537486 0.584568 0.607774
0.852269 0.18135 -0.490663
-0.189923 0.959453 0.208275
-0.506817 0.521104 0.686722
0.671378 -0.73684 0.0794911
-0.496966 -0.565329 0.658353
0.750793 0.358919 -0.554515
0.118064 -0.0872232 -0.989168
0.120019 -0.490558 -0.863104
0.447825 -0.149298 0.881569
0.649585 0.746977 -0.141651
-0.199781 -0.91269 0.356488
-0.302446 0.945158 0.123302
0.250712 -0.967887 -0.0183748
0.271506 0.0477137 0.961253
-0.893242 0.102226 -0.437801
0.339153 -0.896278 -0.285764
0.418341 -0.889731 -0.182671
0.0715464 0.973452 0.217422
-0.669373 0.368097 0.645325
0.684801 -0.709908 0.164554
-0.0411981 -0.988926 -0.142577
-0.472651 0.881134 0.0143096
-0.765601 0.324846 0.555275
-0.51485 0.855754 -0.0511422
0.844154 0.507886 0.171629
0.439542 0.893843 0.0885891
-0.944855 -0.327059 -0.0167512
0.162187 -0.902306 -0.399423
-0.270884 0.732317 0.624767
-0.322289 -0.943582 -0.0760422
-0.180753 0.835866 -0.518321
0.430893 0.239402 -0.870067
-0.520635 -0.561036 0.643566
-0.814064 -0.264108 -0.51725
0.874635 -0.350279 0.335138
-0.55481 -0.48975 -0.672555
0.358651 0.437534 -0.824581
0.357792 -0.0252861 -0.933459
-0.725167 -0.228509 0.649551
-0.6358 0.77011 0.0518518
-0.347242 -0.237124 0.907301
-0.737092 0.675785 0.00327945
0.236303 0.404244 0.8836
0.575673 0.795555 -0.188924
0.3507 -0.721157 0.597447
-0.384381 0.0543595 -0.921573
-0.0339378 0.998092 0.0515803
-0.789881 0.0133117 -0.613116
0.640162 0.203253 0.740865
0.843337 0.392629 -0.366912
-0.59481 0.53446 -0.600461
0.900957 0.373948 -0.220088
0.516082 0.0971319 0.851014
0.0612805 -0.106301 0.992444
-0.345022 0.623029 -0.701993
-0.618014 -0.709128 -0.339406
-0.709566 -0.245552 0.66047
-0.988285 -0.0709982 0.135097
0.0300419 0.778116 -0.627402
-0.550291 -0.773633 -0.314119
0.69019 0.453032 0.564269
0.754067 0.417612 -0.506935
-0.00780245 -0.876034 -0.482185
-0.026053 0.874536 -0.48426
0.415929 -0.908609 -0.0378537
-0.659339 -0.654185 -0.370559
0.967167 -0.173049 0.186121
-0.622305 -0.39418 0.676283
-0.42676 0.568109 0.703653
0.752339 0.523467 -0.399962
-0.617481 0.170761 -0.767827
-0.317782 0.830752 -0.457018
0.568978 -0.810599 -0.138536
-0.198971 -0.105971 -0.974259
0.630973 0.0530558 0.773988
-0.72671 -0.63747 -0.255979
-0.352249 -0.094735 -0.931099
0.62683 0.321364 -0.709795
-0.332303 -0.647554 -0.685747
-0.248609 0.122363 0.960844
0.594125 -0.753025 -0.282787
0.704587 -0.379862 -0.599384
-0.508059 0.808209 -0.297781
0.106375 0.893059 0.437185
-0.467537 0.86587 0.177981
-0.988611 0.0770006 0.129301
-0.809365 0.122514 -0.574386
-0.320648 -0.93732 0.136442
0.947015 0.313814 0.0684404
0.101468 0.144973 0.984219
-0.809932 -0.0529355 -0.584131
0.691724 -0.713053 0.11434
0.602857 0.696932 0.388393
-0.920767 -0.312751 -0.233186
-0.361918 0.120673 -0.924366
-0.408591 -0.912716 -0.00197947
0.0609432 -0.263989 -0.962598
-0.472844 -0.77801 -0.413665
-0.803359 -0.499416 0.324342
0.06917 -0.114317 -0.991033
0.506895 0.5111 -0.694143
-0.753287 0.178479 -0.633011
-0.512446 -0.519262 -0.683934
-0.968509 0.223993 -0.108709
-0.339237 0.831263 -0.440363
-0.407038 -0.882809 -0.234452
-0.904023 0.189964 0.382956
-0.0653096 0.997704 0.0179186
-0.104829 -0.99448 -0.00461185
-0.157027 -0.669274 0.726234
0.361326 -0.217992 0.9066
-0.302073 0.947348 -0.106228
0.659775 -0.744516 0.101944
-0.828702 0.104831 -0.549785
-0.733642 -0.66602 0.134857
-0.0925073 0.569858 0.81652
0.858464 0.203491 -0.470778
0.264207 0.740884 -0.617483
0.703199 -0.436135 0.561514
0.256062 0.846372 0.466998
0.979939 0.159688 0.119241
-0.0958108 0.594223 -0.798573
-0.565057 -0.823143 0.0560909
0.934662 -0.106112 -0.339333
0.693233 -0.715411 -0.0872643
0.580561 0.324511 -0.746754
-0.663263 0.64752 0.375233
0.0794142 0.98719 -0.138378
-0.88699 -0.013635 -0.461587
-0.382209 -0.112631 -0.917186
0.957849 -0.172063 0.230043
0.228125 0.797422 -0.558638
-0.124123 0.139715 -0.982381
0.197759 -0.322595 -0.925648
-0.0250903 -0.215084 0.976273
-0.30017 0.860437 -0.411761
0.718334 0.554694 -0.419895
-0.774756 0.255453 -0.578357
-0.510286 0.231844 -0.828164
-0.323511 -0.904466 -0.277995
-0.368882 -0.658157 0.656319
0.694944 -0.436103 0.571722
-0.0490359 -0.789766 -0.611446
0.971365 0.237561 0.00380003
-0.186275 -0.195391 0.962873
0.540469 0.633162 -0.554076
0.611886 0.164031 0.77375
-0.477436 -0.799775 0.363889
-0.640129 -0.706758 -0.301211
0.288301 -0.739377 0.608444
-0.536147 -0.754177 -0.379162
0.880773 0.263772 -0.393273
0.785466 0.43043 0.444717
-0.289233 -0.480141 0.828136
-0.479597 -0.626838 0.614053
0.398277 -0.90645 -0.140441
0.172099 0.190659 -0.966453
0.163483 -0.0312837 -0.98605
0.39313 -0.059932 0.917527
-0.494554 0.868514 -0.0331547
-0.964235 0.0227215 -0.264073
0.959519 0.113985 -0.257546
0.21081 -0.903213 0.373852
0.212963 0.00867253 0.977022
-0.747749 0.509133 -0.426209
-0.254018 0.873461 0.415381
-0.478556 0.465239 -0.744673
0.277492 0.509642 0.81441
-0.357974 -0.448187 0.819136
0.659013 0.243515 -0.711619
-0.619294 0.219373 -0.75389
-0.48326 -0.374933 -0.791129
0.336141 -0.796168 -0.503116
0.628507 -0.161238 -0.760908
-0.610269 -0.598389 0.519137
0.407031 0.077623 0.91011
-0.77633 0.62205 0.101811
0.922485 -0.0929008 -0.374687
-0.294696 0.944566 0.144738
-0.0447954 -0.470495 -0.881265
0.70313 -0.112572 -0.702094
0.919625 0.101451 -0.37947
0.927558 -0.0953458 0.361312
-0.0167528 -0.188515 -0.981927
0.17206 0.133666 -0.975976
0.970125 -0.140922 -0.197479
0.859335 -0.112909 0.498794
-0.109297 0.0331019 0.993458
0.551498 0.1038 0.827693
0.820757 0.245193 0.515983
0.927155 -0.37165 0.047532
0.903578 -0.277439 0.326457
-0.808327 -0.262399 -0.527023
-0.302745 0.669754 -0.678067
0.248681 -0.547047 -0.799311
-0.497995 0.301169 -0.813202
0.119012 0.982465 0.143522
0.496798 -0.465595 -0.732402
-0.812865 0.53857 0.221795
0.691356 0.708487 -0.141679
0.516588 0.628787 0.581174
0.577415 -0.583854 -0.570707
-0.303835 0.359218 0.88241
-0.493335 0.762316 -0.418921
-0.630302 -0.703051 -0.329301
-0.524624 0.631054 0.571438
0.225485 -0.261914 -0.93838
-0.175327 -0.174348 -0.968949
-0.125975 0.777294 0.616396
-0.27767 0.489777 0.826449
0.593979 0.00369633 -0.804472
0.114928 0.829829 0.546054
-0.933346 0.122893 0.337286
-0.444583 -0.647027 -0.619437
-0.979339 0.0436401 -0.197459
0.674185 -0.0173021 -0.738359
0.00275211 -0.762026 -0.64754
-0.400519 0.784603 0.473269
0.164468 0.814851 -0.555849
0.699736 -0.437291 -0.564931
0.822825 0.300876 -0.482113
0.607846 -0.449969 -0.654256
-0.907849 0.0638391 0.414409
-0.0992608 -0.992361 0.07326
0.130067 -0.18004 0.975022
-0.12824 0.0499983 -0.990482
0.947 0.207074 0.245585
-0.394442 -0.917936 -0.0425287
-0.966721 -0.241857 -0.0834061
-0.457524 -0.0593774 0.887212
0.546919 -0.739869 0.391757
0.507076 0.391265 0.767975
-0.783485 -0.00736659 -0.621366
-0.501487 0.574155 0.647192
0.819761 -0.572601 0.0109135
-0.280637 -0.738929 0.612557
0.894685 0.290705 0.339159
0.526633 -0.465282 -0.711456
-0.0270919 0.706435 -0.707259
0.679084 -0.0314462 -0.733386
0.427549 -0.474404 0.769508
0.570777 0.295243 -0.766189
0.425571 0.787965 -0.444972
-0.431877 -0.901619 0.0237756
0.00178862 0.450118 -0.892967
0.512799 -0.0254936 -0.85813
-0.687747 0.345926 0.638232
-0.0604678 -0.890343 0.451256
0.6597 -0.588773 -0.467057
-0.806359 0.331781 -0.489598
-0.843463 -0.0291409 -0.536396
-0.457706 0.344983 -0.819446
-0.414989 0.230251 -0.880209
0.289418 -0.35955 0.887108
-0.911653 -0.0272247 0.410059
-0.0375522 -0.0703646 -0.996814
0.477277 -0.221778 0.850306
0.550764 -0.821868 0.145573
0.528676 0.658593 0.535497
0.585155 -0.785988 0.199541
-0.990482 -0.13372 -0.0326283
0.317489 -0.925878 -0.204817
0.49205 0.620062 -0.611073
0.30767 0.322962 0.895005
0.348466 -0.49785 0.794177
-0.167556 -0.726172 0.666783
-0.949767 -0.135269 0.282215
0.581801 0.332273 0.742363
0.881924 -0.466928 -0.0647197
0.0975183 0.931889 -0.34939
0.514497 0.174115 0.839629
0.362324 -0.790723 0.493435
0.642047 -0.322429 0.695568
-0.852656 -0.401998 -0.333731
0.0151988 -0.0612621 -0.998006
-0.403023 0.872563 -0.276056
-0.545581 0.830675 0.111
-0.196462 0.582359 0.788835
0.758598 0.572318 -0.311419
0.662083 0.611756 -0.432898
0.582928 0.710829 0.393595
0.0548889 -0.611696 0.789187
-0.493255 0.326885 -0.80613
-0.626777 0.645887 -0.435866
-0.440952 0.32251 0.837585
-0.88167 0.375317 0.285999
-0.659512 0.452926 -0.599919
-0.0337041 0.943538 -0.329546
-0.370192 -0.884473 0.284015
-0.572988 0.172625 0.801177
0.248956 -0.954229 -0.165732
0.341197 0.639739 0.688708
0.816165 -0.569305 -0.0988214
0.338888 -0.932608 -0.124088
-0.70256 -0.709223 -0.0584034
